#!ascii label /Users/megardn/Desktop/BGD_Repos/labels/lh_0015.label , from subject  vox2ras=TkReg
2309
-1  6.000  -56.000  -33.000 0.0000000000
-1  -5.000  -56.000  -33.000 0.0000000000
-1  -6.000  -56.000  -33.000 0.0000000000
-1  -5.000  -56.000  -34.000 0.0000000000
-1  7.000  -55.000  -32.000 0.0000000000
-1  -4.000  -55.000  -32.000 0.0000000000
-1  -5.000  -55.000  -32.000 0.0000000000
-1  8.000  -55.000  -33.000 0.0000000000
-1  7.000  -55.000  -33.000 0.0000000000
-1  6.000  -55.000  -33.000 0.0000000000
-1  -4.000  -55.000  -33.000 0.0000000000
-1  -5.000  -55.000  -33.000 0.0000000000
-1  -6.000  -55.000  -33.000 0.0000000000
-1  -5.000  -55.000  -34.000 0.0000000000
-1  -6.000  -55.000  -34.000 0.0000000000
-1  5.000  -54.000  -31.000 0.0000000000
-1  -3.000  -54.000  -31.000 0.0000000000
-1  7.000  -54.000  -32.000 0.0000000000
-1  6.000  -54.000  -32.000 0.0000000000
-1  5.000  -54.000  -32.000 0.0000000000
-1  -3.000  -54.000  -32.000 0.0000000000
-1  -4.000  -54.000  -32.000 0.0000000000
-1  -5.000  -54.000  -32.000 0.0000000000
-1  8.000  -54.000  -33.000 0.0000000000
-1  7.000  -54.000  -33.000 0.0000000000
-1  6.000  -54.000  -33.000 0.0000000000
-1  -4.000  -54.000  -33.000 0.0000000000
-1  -5.000  -54.000  -33.000 0.0000000000
-1  -6.000  -54.000  -33.000 0.0000000000
-1  -6.000  -54.000  -34.000 0.0000000000
-1  -5.000  -54.000  -35.000 0.0000000000
-1  -5.000  -54.000  -36.000 0.0000000000
-1  1.000  -53.000  -30.000 0.0000000000
-1  0.000  -53.000  -30.000 0.0000000000
-1  6.000  -53.000  -31.000 0.0000000000
-1  5.000  -53.000  -31.000 0.0000000000
-1  4.000  -53.000  -31.000 0.0000000000
-1  3.000  -53.000  -31.000 0.0000000000
-1  1.000  -53.000  -31.000 0.0000000000
-1  0.000  -53.000  -31.000 0.0000000000
-1  -1.000  -53.000  -31.000 0.0000000000
-1  -2.000  -53.000  -31.000 0.0000000000
-1  -3.000  -53.000  -31.000 0.0000000000
-1  -4.000  -53.000  -31.000 0.0000000000
-1  7.000  -53.000  -32.000 0.0000000000
-1  6.000  -53.000  -32.000 0.0000000000
-1  5.000  -53.000  -32.000 0.0000000000
-1  4.000  -53.000  -32.000 0.0000000000
-1  -2.000  -53.000  -32.000 0.0000000000
-1  -3.000  -53.000  -32.000 0.0000000000
-1  -4.000  -53.000  -32.000 0.0000000000
-1  -5.000  -53.000  -32.000 0.0000000000
-1  -6.000  -53.000  -32.000 0.0000000000
-1  8.000  -53.000  -33.000 0.0000000000
-1  7.000  -53.000  -33.000 0.0000000000
-1  6.000  -53.000  -33.000 0.0000000000
-1  -3.000  -53.000  -33.000 0.0000000000
-1  -4.000  -53.000  -33.000 0.0000000000
-1  -5.000  -53.000  -33.000 0.0000000000
-1  -6.000  -53.000  -33.000 0.0000000000
-1  -7.000  -53.000  -33.000 0.0000000000
-1  7.000  -53.000  -34.000 0.0000000000
-1  6.000  -53.000  -34.000 0.0000000000
-1  5.000  -53.000  -34.000 0.0000000000
-1  -4.000  -53.000  -34.000 0.0000000000
-1  -5.000  -53.000  -34.000 0.0000000000
-1  -6.000  -53.000  -34.000 0.0000000000
-1  6.000  -53.000  -35.000 0.0000000000
-1  -4.000  -53.000  -35.000 0.0000000000
-1  -5.000  -53.000  -35.000 0.0000000000
-1  -6.000  -53.000  -35.000 0.0000000000
-1  -5.000  -53.000  -36.000 0.0000000000
-1  -6.000  -53.000  -36.000 0.0000000000
-1  4.000  -52.000  -29.000 0.0000000000
-1  3.000  -52.000  -29.000 0.0000000000
-1  2.000  -52.000  -29.000 0.0000000000
-1  1.000  -52.000  -29.000 0.0000000000
-1  0.000  -52.000  -29.000 0.0000000000
-1  -1.000  -52.000  -29.000 0.0000000000
-1  5.000  -52.000  -30.000 0.0000000000
-1  4.000  -52.000  -30.000 0.0000000000
-1  3.000  -52.000  -30.000 0.0000000000
-1  2.000  -52.000  -30.000 0.0000000000
-1  1.000  -52.000  -30.000 0.0000000000
-1  0.000  -52.000  -30.000 0.0000000000
-1  -1.000  -52.000  -30.000 0.0000000000
-1  -2.000  -52.000  -30.000 0.0000000000
-1  -3.000  -52.000  -30.000 0.0000000000
-1  -4.000  -52.000  -30.000 0.0000000000
-1  6.000  -52.000  -31.000 0.0000000000
-1  5.000  -52.000  -31.000 0.0000000000
-1  4.000  -52.000  -31.000 0.0000000000
-1  3.000  -52.000  -31.000 0.0000000000
-1  2.000  -52.000  -31.000 0.0000000000
-1  1.000  -52.000  -31.000 0.0000000000
-1  0.000  -52.000  -31.000 0.0000000000
-1  -1.000  -52.000  -31.000 0.0000000000
-1  -2.000  -52.000  -31.000 0.0000000000
-1  -3.000  -52.000  -31.000 0.0000000000
-1  -4.000  -52.000  -31.000 0.0000000000
-1  -5.000  -52.000  -31.000 0.0000000000
-1  7.000  -52.000  -32.000 0.0000000000
-1  6.000  -52.000  -32.000 0.0000000000
-1  5.000  -52.000  -32.000 0.0000000000
-1  4.000  -52.000  -32.000 0.0000000000
-1  3.000  -52.000  -32.000 0.0000000000
-1  2.000  -52.000  -32.000 0.0000000000
-1  1.000  -52.000  -32.000 0.0000000000
-1  0.000  -52.000  -32.000 0.0000000000
-1  -1.000  -52.000  -32.000 0.0000000000
-1  -2.000  -52.000  -32.000 0.0000000000
-1  -3.000  -52.000  -32.000 0.0000000000
-1  -4.000  -52.000  -32.000 0.0000000000
-1  -5.000  -52.000  -32.000 0.0000000000
-1  -6.000  -52.000  -32.000 0.0000000000
-1  8.000  -52.000  -33.000 0.0000000000
-1  7.000  -52.000  -33.000 0.0000000000
-1  6.000  -52.000  -33.000 0.0000000000
-1  5.000  -52.000  -33.000 0.0000000000
-1  4.000  -52.000  -33.000 0.0000000000
-1  3.000  -52.000  -33.000 0.0000000000
-1  -3.000  -52.000  -33.000 0.0000000000
-1  -4.000  -52.000  -33.000 0.0000000000
-1  -5.000  -52.000  -33.000 0.0000000000
-1  -6.000  -52.000  -33.000 0.0000000000
-1  7.000  -52.000  -34.000 0.0000000000
-1  6.000  -52.000  -34.000 0.0000000000
-1  5.000  -52.000  -34.000 0.0000000000
-1  -3.000  -52.000  -34.000 0.0000000000
-1  -4.000  -52.000  -34.000 0.0000000000
-1  -5.000  -52.000  -34.000 0.0000000000
-1  -6.000  -52.000  -34.000 0.0000000000
-1  7.000  -52.000  -35.000 0.0000000000
-1  6.000  -52.000  -35.000 0.0000000000
-1  5.000  -52.000  -35.000 0.0000000000
-1  -4.000  -52.000  -35.000 0.0000000000
-1  -5.000  -52.000  -35.000 0.0000000000
-1  -6.000  -52.000  -35.000 0.0000000000
-1  -7.000  -52.000  -35.000 0.0000000000
-1  6.000  -52.000  -36.000 0.0000000000
-1  -4.000  -52.000  -36.000 0.0000000000
-1  -5.000  -52.000  -36.000 0.0000000000
-1  -6.000  -52.000  -36.000 0.0000000000
-1  -5.000  -52.000  -37.000 0.0000000000
-1  0.000  -52.000  -43.000 0.0000000000
-1  -1.000  -52.000  -43.000 0.0000000000
-1  1.000  -52.000  -46.000 0.0000000000
-1  2.000  -51.000  -28.000 0.0000000000
-1  0.000  -51.000  -28.000 0.0000000000
-1  -1.000  -51.000  -28.000 0.0000000000
-1  -2.000  -51.000  -28.000 0.0000000000
-1  4.000  -51.000  -29.000 0.0000000000
-1  3.000  -51.000  -29.000 0.0000000000
-1  2.000  -51.000  -29.000 0.0000000000
-1  1.000  -51.000  -29.000 0.0000000000
-1  0.000  -51.000  -29.000 0.0000000000
-1  -1.000  -51.000  -29.000 0.0000000000
-1  -2.000  -51.000  -29.000 0.0000000000
-1  -3.000  -51.000  -29.000 0.0000000000
-1  5.000  -51.000  -30.000 0.0000000000
-1  4.000  -51.000  -30.000 0.0000000000
-1  3.000  -51.000  -30.000 0.0000000000
-1  2.000  -51.000  -30.000 0.0000000000
-1  1.000  -51.000  -30.000 0.0000000000
-1  0.000  -51.000  -30.000 0.0000000000
-1  -1.000  -51.000  -30.000 0.0000000000
-1  -2.000  -51.000  -30.000 0.0000000000
-1  -3.000  -51.000  -30.000 0.0000000000
-1  -4.000  -51.000  -30.000 0.0000000000
-1  6.000  -51.000  -31.000 0.0000000000
-1  5.000  -51.000  -31.000 0.0000000000
-1  4.000  -51.000  -31.000 0.0000000000
-1  3.000  -51.000  -31.000 0.0000000000
-1  2.000  -51.000  -31.000 0.0000000000
-1  1.000  -51.000  -31.000 0.0000000000
-1  0.000  -51.000  -31.000 0.0000000000
-1  -1.000  -51.000  -31.000 0.0000000000
-1  -2.000  -51.000  -31.000 0.0000000000
-1  -3.000  -51.000  -31.000 0.0000000000
-1  -4.000  -51.000  -31.000 0.0000000000
-1  7.000  -51.000  -32.000 0.0000000000
-1  6.000  -51.000  -32.000 0.0000000000
-1  5.000  -51.000  -32.000 0.0000000000
-1  4.000  -51.000  -32.000 0.0000000000
-1  3.000  -51.000  -32.000 0.0000000000
-1  2.000  -51.000  -32.000 0.0000000000
-1  1.000  -51.000  -32.000 0.0000000000
-1  0.000  -51.000  -32.000 0.0000000000
-1  -1.000  -51.000  -32.000 0.0000000000
-1  -2.000  -51.000  -32.000 0.0000000000
-1  -3.000  -51.000  -32.000 0.0000000000
-1  -4.000  -51.000  -32.000 0.0000000000
-1  -5.000  -51.000  -32.000 0.0000000000
-1  -6.000  -51.000  -32.000 0.0000000000
-1  8.000  -51.000  -33.000 0.0000000000
-1  7.000  -51.000  -33.000 0.0000000000
-1  6.000  -51.000  -33.000 0.0000000000
-1  5.000  -51.000  -33.000 0.0000000000
-1  4.000  -51.000  -33.000 0.0000000000
-1  3.000  -51.000  -33.000 0.0000000000
-1  1.000  -51.000  -33.000 0.0000000000
-1  0.000  -51.000  -33.000 0.0000000000
-1  -1.000  -51.000  -33.000 0.0000000000
-1  -2.000  -51.000  -33.000 0.0000000000
-1  -3.000  -51.000  -33.000 0.0000000000
-1  -4.000  -51.000  -33.000 0.0000000000
-1  -5.000  -51.000  -33.000 0.0000000000
-1  -6.000  -51.000  -33.000 0.0000000000
-1  8.000  -51.000  -34.000 0.0000000000
-1  7.000  -51.000  -34.000 0.0000000000
-1  6.000  -51.000  -34.000 0.0000000000
-1  5.000  -51.000  -34.000 0.0000000000
-1  4.000  -51.000  -34.000 0.0000000000
-1  3.000  -51.000  -34.000 0.0000000000
-1  -2.000  -51.000  -34.000 0.0000000000
-1  -3.000  -51.000  -34.000 0.0000000000
-1  -4.000  -51.000  -34.000 0.0000000000
-1  -5.000  -51.000  -34.000 0.0000000000
-1  -6.000  -51.000  -34.000 0.0000000000
-1  -7.000  -51.000  -34.000 0.0000000000
-1  8.000  -51.000  -35.000 0.0000000000
-1  7.000  -51.000  -35.000 0.0000000000
-1  6.000  -51.000  -35.000 0.0000000000
-1  5.000  -51.000  -35.000 0.0000000000
-1  4.000  -51.000  -35.000 0.0000000000
-1  0.000  -51.000  -35.000 0.0000000000
-1  -3.000  -51.000  -35.000 0.0000000000
-1  -4.000  -51.000  -35.000 0.0000000000
-1  -5.000  -51.000  -35.000 0.0000000000
-1  -6.000  -51.000  -35.000 0.0000000000
-1  -7.000  -51.000  -35.000 0.0000000000
-1  6.000  -51.000  -36.000 0.0000000000
-1  5.000  -51.000  -36.000 0.0000000000
-1  4.000  -51.000  -36.000 0.0000000000
-1  -3.000  -51.000  -36.000 0.0000000000
-1  -4.000  -51.000  -36.000 0.0000000000
-1  -5.000  -51.000  -36.000 0.0000000000
-1  -6.000  -51.000  -36.000 0.0000000000
-1  -3.000  -51.000  -37.000 0.0000000000
-1  -4.000  -51.000  -37.000 0.0000000000
-1  -5.000  -51.000  -37.000 0.0000000000
-1  -6.000  -51.000  -37.000 0.0000000000
-1  -4.000  -51.000  -38.000 0.0000000000
-1  -5.000  -51.000  -38.000 0.0000000000
-1  -6.000  -51.000  -38.000 0.0000000000
-1  0.000  -51.000  -39.000 0.0000000000
-1  0.000  -51.000  -40.000 0.0000000000
-1  0.000  -51.000  -41.000 0.0000000000
-1  0.000  -51.000  -42.000 0.0000000000
-1  0.000  -51.000  -43.000 0.0000000000
-1  -1.000  -51.000  -43.000 0.0000000000
-1  1.000  -51.000  -44.000 0.0000000000
-1  0.000  -51.000  -44.000 0.0000000000
-1  -1.000  -51.000  -44.000 0.0000000000
-1  1.000  -51.000  -45.000 0.0000000000
-1  0.000  -51.000  -45.000 0.0000000000
-1  -1.000  -51.000  -45.000 0.0000000000
-1  2.000  -51.000  -46.000 0.0000000000
-1  1.000  -51.000  -46.000 0.0000000000
-1  0.000  -51.000  -46.000 0.0000000000
-1  -1.000  -51.000  -46.000 0.0000000000
-1  2.000  -51.000  -47.000 0.0000000000
-1  1.000  -51.000  -47.000 0.0000000000
-1  0.000  -51.000  -47.000 0.0000000000
-1  -1.000  -51.000  -47.000 0.0000000000
-1  0.000  -50.000  -27.000 0.0000000000
-1  4.000  -50.000  -28.000 0.0000000000
-1  2.000  -50.000  -28.000 0.0000000000
-1  1.000  -50.000  -28.000 0.0000000000
-1  0.000  -50.000  -28.000 0.0000000000
-1  5.000  -50.000  -29.000 0.0000000000
-1  4.000  -50.000  -29.000 0.0000000000
-1  3.000  -50.000  -29.000 0.0000000000
-1  2.000  -50.000  -29.000 0.0000000000
-1  1.000  -50.000  -29.000 0.0000000000
-1  0.000  -50.000  -29.000 0.0000000000
-1  -1.000  -50.000  -29.000 0.0000000000
-1  -2.000  -50.000  -29.000 0.0000000000
-1  -3.000  -50.000  -29.000 0.0000000000
-1  6.000  -50.000  -30.000 0.0000000000
-1  5.000  -50.000  -30.000 0.0000000000
-1  4.000  -50.000  -30.000 0.0000000000
-1  3.000  -50.000  -30.000 0.0000000000
-1  2.000  -50.000  -30.000 0.0000000000
-1  1.000  -50.000  -30.000 0.0000000000
-1  0.000  -50.000  -30.000 0.0000000000
-1  -1.000  -50.000  -30.000 0.0000000000
-1  -2.000  -50.000  -30.000 0.0000000000
-1  -3.000  -50.000  -30.000 0.0000000000
-1  -4.000  -50.000  -30.000 0.0000000000
-1  7.000  -50.000  -31.000 0.0000000000
-1  6.000  -50.000  -31.000 0.0000000000
-1  5.000  -50.000  -31.000 0.0000000000
-1  4.000  -50.000  -31.000 0.0000000000
-1  3.000  -50.000  -31.000 0.0000000000
-1  2.000  -50.000  -31.000 0.0000000000
-1  1.000  -50.000  -31.000 0.0000000000
-1  0.000  -50.000  -31.000 0.0000000000
-1  -1.000  -50.000  -31.000 0.0000000000
-1  -2.000  -50.000  -31.000 0.0000000000
-1  -3.000  -50.000  -31.000 0.0000000000
-1  -4.000  -50.000  -31.000 0.0000000000
-1  7.000  -50.000  -32.000 0.0000000000
-1  6.000  -50.000  -32.000 0.0000000000
-1  5.000  -50.000  -32.000 0.0000000000
-1  4.000  -50.000  -32.000 0.0000000000
-1  3.000  -50.000  -32.000 0.0000000000
-1  2.000  -50.000  -32.000 0.0000000000
-1  1.000  -50.000  -32.000 0.0000000000
-1  0.000  -50.000  -32.000 0.0000000000
-1  -1.000  -50.000  -32.000 0.0000000000
-1  -2.000  -50.000  -32.000 0.0000000000
-1  -3.000  -50.000  -32.000 0.0000000000
-1  -4.000  -50.000  -32.000 0.0000000000
-1  -5.000  -50.000  -32.000 0.0000000000
-1  7.000  -50.000  -33.000 0.0000000000
-1  6.000  -50.000  -33.000 0.0000000000
-1  5.000  -50.000  -33.000 0.0000000000
-1  4.000  -50.000  -33.000 0.0000000000
-1  3.000  -50.000  -33.000 0.0000000000
-1  2.000  -50.000  -33.000 0.0000000000
-1  1.000  -50.000  -33.000 0.0000000000
-1  0.000  -50.000  -33.000 0.0000000000
-1  -1.000  -50.000  -33.000 0.0000000000
-1  -2.000  -50.000  -33.000 0.0000000000
-1  -3.000  -50.000  -33.000 0.0000000000
-1  -4.000  -50.000  -33.000 0.0000000000
-1  -5.000  -50.000  -33.000 0.0000000000
-1  -6.000  -50.000  -33.000 0.0000000000
-1  8.000  -50.000  -34.000 0.0000000000
-1  7.000  -50.000  -34.000 0.0000000000
-1  6.000  -50.000  -34.000 0.0000000000
-1  5.000  -50.000  -34.000 0.0000000000
-1  4.000  -50.000  -34.000 0.0000000000
-1  3.000  -50.000  -34.000 0.0000000000
-1  2.000  -50.000  -34.000 0.0000000000
-1  1.000  -50.000  -34.000 0.0000000000
-1  0.000  -50.000  -34.000 0.0000000000
-1  -1.000  -50.000  -34.000 0.0000000000
-1  -2.000  -50.000  -34.000 0.0000000000
-1  -3.000  -50.000  -34.000 0.0000000000
-1  -4.000  -50.000  -34.000 0.0000000000
-1  -5.000  -50.000  -34.000 0.0000000000
-1  -6.000  -50.000  -34.000 0.0000000000
-1  -7.000  -50.000  -34.000 0.0000000000
-1  8.000  -50.000  -35.000 0.0000000000
-1  7.000  -50.000  -35.000 0.0000000000
-1  6.000  -50.000  -35.000 0.0000000000
-1  5.000  -50.000  -35.000 0.0000000000
-1  4.000  -50.000  -35.000 0.0000000000
-1  0.000  -50.000  -35.000 0.0000000000
-1  -2.000  -50.000  -35.000 0.0000000000
-1  -3.000  -50.000  -35.000 0.0000000000
-1  -4.000  -50.000  -35.000 0.0000000000
-1  -5.000  -50.000  -35.000 0.0000000000
-1  -6.000  -50.000  -35.000 0.0000000000
-1  -7.000  -50.000  -35.000 0.0000000000
-1  8.000  -50.000  -36.000 0.0000000000
-1  7.000  -50.000  -36.000 0.0000000000
-1  6.000  -50.000  -36.000 0.0000000000
-1  5.000  -50.000  -36.000 0.0000000000
-1  4.000  -50.000  -36.000 0.0000000000
-1  1.000  -50.000  -36.000 0.0000000000
-1  0.000  -50.000  -36.000 0.0000000000
-1  -1.000  -50.000  -36.000 0.0000000000
-1  -2.000  -50.000  -36.000 0.0000000000
-1  -3.000  -50.000  -36.000 0.0000000000
-1  -4.000  -50.000  -36.000 0.0000000000
-1  -5.000  -50.000  -36.000 0.0000000000
-1  -6.000  -50.000  -36.000 0.0000000000
-1  8.000  -50.000  -37.000 0.0000000000
-1  7.000  -50.000  -37.000 0.0000000000
-1  6.000  -50.000  -37.000 0.0000000000
-1  5.000  -50.000  -37.000 0.0000000000
-1  0.000  -50.000  -37.000 0.0000000000
-1  -1.000  -50.000  -37.000 0.0000000000
-1  -2.000  -50.000  -37.000 0.0000000000
-1  -3.000  -50.000  -37.000 0.0000000000
-1  -4.000  -50.000  -37.000 0.0000000000
-1  -5.000  -50.000  -37.000 0.0000000000
-1  -6.000  -50.000  -37.000 0.0000000000
-1  0.000  -50.000  -38.000 0.0000000000
-1  -2.000  -50.000  -38.000 0.0000000000
-1  -3.000  -50.000  -38.000 0.0000000000
-1  -4.000  -50.000  -38.000 0.0000000000
-1  -5.000  -50.000  -38.000 0.0000000000
-1  -6.000  -50.000  -38.000 0.0000000000
-1  1.000  -50.000  -39.000 0.0000000000
-1  0.000  -50.000  -39.000 0.0000000000
-1  -1.000  -50.000  -39.000 0.0000000000
-1  -2.000  -50.000  -39.000 0.0000000000
-1  -3.000  -50.000  -39.000 0.0000000000
-1  -4.000  -50.000  -39.000 0.0000000000
-1  -5.000  -50.000  -39.000 0.0000000000
-1  -6.000  -50.000  -39.000 0.0000000000
-1  2.000  -50.000  -40.000 0.0000000000
-1  1.000  -50.000  -40.000 0.0000000000
-1  0.000  -50.000  -40.000 0.0000000000
-1  -1.000  -50.000  -40.000 0.0000000000
-1  -2.000  -50.000  -40.000 0.0000000000
-1  -3.000  -50.000  -40.000 0.0000000000
-1  -4.000  -50.000  -40.000 0.0000000000
-1  -5.000  -50.000  -40.000 0.0000000000
-1  2.000  -50.000  -41.000 0.0000000000
-1  1.000  -50.000  -41.000 0.0000000000
-1  0.000  -50.000  -41.000 0.0000000000
-1  -1.000  -50.000  -41.000 0.0000000000
-1  -2.000  -50.000  -41.000 0.0000000000
-1  -3.000  -50.000  -41.000 0.0000000000
-1  -4.000  -50.000  -41.000 0.0000000000
-1  -7.000  -50.000  -41.000 0.0000000000
-1  2.000  -50.000  -42.000 0.0000000000
-1  1.000  -50.000  -42.000 0.0000000000
-1  0.000  -50.000  -42.000 0.0000000000
-1  -1.000  -50.000  -42.000 0.0000000000
-1  -2.000  -50.000  -42.000 0.0000000000
-1  2.000  -50.000  -43.000 0.0000000000
-1  1.000  -50.000  -43.000 0.0000000000
-1  0.000  -50.000  -43.000 0.0000000000
-1  -1.000  -50.000  -43.000 0.0000000000
-1  -2.000  -50.000  -43.000 0.0000000000
-1  2.000  -50.000  -44.000 0.0000000000
-1  1.000  -50.000  -44.000 0.0000000000
-1  0.000  -50.000  -44.000 0.0000000000
-1  -1.000  -50.000  -44.000 0.0000000000
-1  2.000  -50.000  -45.000 0.0000000000
-1  1.000  -50.000  -45.000 0.0000000000
-1  0.000  -50.000  -45.000 0.0000000000
-1  -1.000  -50.000  -45.000 0.0000000000
-1  -2.000  -50.000  -45.000 0.0000000000
-1  -3.000  -50.000  -45.000 0.0000000000
-1  2.000  -50.000  -46.000 0.0000000000
-1  1.000  -50.000  -46.000 0.0000000000
-1  0.000  -50.000  -46.000 0.0000000000
-1  -1.000  -50.000  -46.000 0.0000000000
-1  -2.000  -50.000  -46.000 0.0000000000
-1  -3.000  -50.000  -46.000 0.0000000000
-1  3.000  -50.000  -47.000 0.0000000000
-1  2.000  -50.000  -47.000 0.0000000000
-1  1.000  -50.000  -47.000 0.0000000000
-1  0.000  -50.000  -47.000 0.0000000000
-1  -1.000  -50.000  -47.000 0.0000000000
-1  -2.000  -50.000  -47.000 0.0000000000
-1  3.000  -50.000  -48.000 0.0000000000
-1  2.000  -50.000  -48.000 0.0000000000
-1  1.000  -50.000  -48.000 0.0000000000
-1  0.000  -50.000  -48.000 0.0000000000
-1  -1.000  -50.000  -48.000 0.0000000000
-1  -2.000  -50.000  -48.000 0.0000000000
-1  3.000  -50.000  -49.000 0.0000000000
-1  2.000  -50.000  -49.000 0.0000000000
-1  1.000  -50.000  -49.000 0.0000000000
-1  0.000  -50.000  -49.000 0.0000000000
-1  -1.000  -50.000  -49.000 0.0000000000
-1  1.000  -50.000  -52.000 0.0000000000
-1  1.000  -50.000  -53.000 0.0000000000
-1  1.000  -50.000  -54.000 0.0000000000
-1  0.000  -49.000  -27.000 0.0000000000
-1  5.000  -49.000  -28.000 0.0000000000
-1  4.000  -49.000  -28.000 0.0000000000
-1  3.000  -49.000  -28.000 0.0000000000
-1  2.000  -49.000  -28.000 0.0000000000
-1  1.000  -49.000  -28.000 0.0000000000
-1  0.000  -49.000  -28.000 0.0000000000
-1  -1.000  -49.000  -28.000 0.0000000000
-1  -2.000  -49.000  -28.000 0.0000000000
-1  5.000  -49.000  -29.000 0.0000000000
-1  4.000  -49.000  -29.000 0.0000000000
-1  3.000  -49.000  -29.000 0.0000000000
-1  2.000  -49.000  -29.000 0.0000000000
-1  1.000  -49.000  -29.000 0.0000000000
-1  0.000  -49.000  -29.000 0.0000000000
-1  -1.000  -49.000  -29.000 0.0000000000
-1  -2.000  -49.000  -29.000 0.0000000000
-1  -3.000  -49.000  -29.000 0.0000000000
-1  6.000  -49.000  -30.000 0.0000000000
-1  5.000  -49.000  -30.000 0.0000000000
-1  4.000  -49.000  -30.000 0.0000000000
-1  3.000  -49.000  -30.000 0.0000000000
-1  2.000  -49.000  -30.000 0.0000000000
-1  1.000  -49.000  -30.000 0.0000000000
-1  0.000  -49.000  -30.000 0.0000000000
-1  -1.000  -49.000  -30.000 0.0000000000
-1  -2.000  -49.000  -30.000 0.0000000000
-1  -3.000  -49.000  -30.000 0.0000000000
-1  -4.000  -49.000  -30.000 0.0000000000
-1  7.000  -49.000  -31.000 0.0000000000
-1  6.000  -49.000  -31.000 0.0000000000
-1  5.000  -49.000  -31.000 0.0000000000
-1  4.000  -49.000  -31.000 0.0000000000
-1  3.000  -49.000  -31.000 0.0000000000
-1  2.000  -49.000  -31.000 0.0000000000
-1  1.000  -49.000  -31.000 0.0000000000
-1  0.000  -49.000  -31.000 0.0000000000
-1  -1.000  -49.000  -31.000 0.0000000000
-1  -2.000  -49.000  -31.000 0.0000000000
-1  -3.000  -49.000  -31.000 0.0000000000
-1  -4.000  -49.000  -31.000 0.0000000000
-1  -5.000  -49.000  -31.000 0.0000000000
-1  7.000  -49.000  -32.000 0.0000000000
-1  6.000  -49.000  -32.000 0.0000000000
-1  5.000  -49.000  -32.000 0.0000000000
-1  4.000  -49.000  -32.000 0.0000000000
-1  3.000  -49.000  -32.000 0.0000000000
-1  2.000  -49.000  -32.000 0.0000000000
-1  1.000  -49.000  -32.000 0.0000000000
-1  0.000  -49.000  -32.000 0.0000000000
-1  -1.000  -49.000  -32.000 0.0000000000
-1  -2.000  -49.000  -32.000 0.0000000000
-1  -3.000  -49.000  -32.000 0.0000000000
-1  -4.000  -49.000  -32.000 0.0000000000
-1  -5.000  -49.000  -32.000 0.0000000000
-1  7.000  -49.000  -33.000 0.0000000000
-1  6.000  -49.000  -33.000 0.0000000000
-1  5.000  -49.000  -33.000 0.0000000000
-1  4.000  -49.000  -33.000 0.0000000000
-1  3.000  -49.000  -33.000 0.0000000000
-1  2.000  -49.000  -33.000 0.0000000000
-1  1.000  -49.000  -33.000 0.0000000000
-1  0.000  -49.000  -33.000 0.0000000000
-1  -1.000  -49.000  -33.000 0.0000000000
-1  -2.000  -49.000  -33.000 0.0000000000
-1  -3.000  -49.000  -33.000 0.0000000000
-1  -4.000  -49.000  -33.000 0.0000000000
-1  -5.000  -49.000  -33.000 0.0000000000
-1  -6.000  -49.000  -33.000 0.0000000000
-1  8.000  -49.000  -34.000 0.0000000000
-1  7.000  -49.000  -34.000 0.0000000000
-1  6.000  -49.000  -34.000 0.0000000000
-1  5.000  -49.000  -34.000 0.0000000000
-1  4.000  -49.000  -34.000 0.0000000000
-1  3.000  -49.000  -34.000 0.0000000000
-1  2.000  -49.000  -34.000 0.0000000000
-1  1.000  -49.000  -34.000 0.0000000000
-1  0.000  -49.000  -34.000 0.0000000000
-1  -1.000  -49.000  -34.000 0.0000000000
-1  -2.000  -49.000  -34.000 0.0000000000
-1  -3.000  -49.000  -34.000 0.0000000000
-1  -4.000  -49.000  -34.000 0.0000000000
-1  -5.000  -49.000  -34.000 0.0000000000
-1  -6.000  -49.000  -34.000 0.0000000000
-1  8.000  -49.000  -35.000 0.0000000000
-1  7.000  -49.000  -35.000 0.0000000000
-1  6.000  -49.000  -35.000 0.0000000000
-1  5.000  -49.000  -35.000 0.0000000000
-1  4.000  -49.000  -35.000 0.0000000000
-1  3.000  -49.000  -35.000 0.0000000000
-1  2.000  -49.000  -35.000 0.0000000000
-1  1.000  -49.000  -35.000 0.0000000000
-1  0.000  -49.000  -35.000 0.0000000000
-1  -1.000  -49.000  -35.000 0.0000000000
-1  -2.000  -49.000  -35.000 0.0000000000
-1  -3.000  -49.000  -35.000 0.0000000000
-1  -4.000  -49.000  -35.000 0.0000000000
-1  -5.000  -49.000  -35.000 0.0000000000
-1  -6.000  -49.000  -35.000 0.0000000000
-1  -7.000  -49.000  -35.000 0.0000000000
-1  8.000  -49.000  -36.000 0.0000000000
-1  7.000  -49.000  -36.000 0.0000000000
-1  6.000  -49.000  -36.000 0.0000000000
-1  5.000  -49.000  -36.000 0.0000000000
-1  4.000  -49.000  -36.000 0.0000000000
-1  3.000  -49.000  -36.000 0.0000000000
-1  2.000  -49.000  -36.000 0.0000000000
-1  1.000  -49.000  -36.000 0.0000000000
-1  0.000  -49.000  -36.000 0.0000000000
-1  -1.000  -49.000  -36.000 0.0000000000
-1  -2.000  -49.000  -36.000 0.0000000000
-1  -3.000  -49.000  -36.000 0.0000000000
-1  -4.000  -49.000  -36.000 0.0000000000
-1  -5.000  -49.000  -36.000 0.0000000000
-1  -6.000  -49.000  -36.000 0.0000000000
-1  -7.000  -49.000  -36.000 0.0000000000
-1  9.000  -49.000  -37.000 0.0000000000
-1  8.000  -49.000  -37.000 0.0000000000
-1  7.000  -49.000  -37.000 0.0000000000
-1  6.000  -49.000  -37.000 0.0000000000
-1  5.000  -49.000  -37.000 0.0000000000
-1  4.000  -49.000  -37.000 0.0000000000
-1  3.000  -49.000  -37.000 0.0000000000
-1  2.000  -49.000  -37.000 0.0000000000
-1  1.000  -49.000  -37.000 0.0000000000
-1  0.000  -49.000  -37.000 0.0000000000
-1  -1.000  -49.000  -37.000 0.0000000000
-1  -2.000  -49.000  -37.000 0.0000000000
-1  -3.000  -49.000  -37.000 0.0000000000
-1  -4.000  -49.000  -37.000 0.0000000000
-1  -5.000  -49.000  -37.000 0.0000000000
-1  -6.000  -49.000  -37.000 0.0000000000
-1  -7.000  -49.000  -37.000 0.0000000000
-1  10.000  -49.000  -38.000 0.0000000000
-1  7.000  -49.000  -38.000 0.0000000000
-1  6.000  -49.000  -38.000 0.0000000000
-1  5.000  -49.000  -38.000 0.0000000000
-1  4.000  -49.000  -38.000 0.0000000000
-1  3.000  -49.000  -38.000 0.0000000000
-1  2.000  -49.000  -38.000 0.0000000000
-1  1.000  -49.000  -38.000 0.0000000000
-1  0.000  -49.000  -38.000 0.0000000000
-1  -1.000  -49.000  -38.000 0.0000000000
-1  -2.000  -49.000  -38.000 0.0000000000
-1  -3.000  -49.000  -38.000 0.0000000000
-1  -4.000  -49.000  -38.000 0.0000000000
-1  -5.000  -49.000  -38.000 0.0000000000
-1  -6.000  -49.000  -38.000 0.0000000000
-1  -7.000  -49.000  -38.000 0.0000000000
-1  6.000  -49.000  -39.000 0.0000000000
-1  5.000  -49.000  -39.000 0.0000000000
-1  4.000  -49.000  -39.000 0.0000000000
-1  3.000  -49.000  -39.000 0.0000000000
-1  2.000  -49.000  -39.000 0.0000000000
-1  1.000  -49.000  -39.000 0.0000000000
-1  0.000  -49.000  -39.000 0.0000000000
-1  -1.000  -49.000  -39.000 0.0000000000
-1  -2.000  -49.000  -39.000 0.0000000000
-1  -3.000  -49.000  -39.000 0.0000000000
-1  -4.000  -49.000  -39.000 0.0000000000
-1  -5.000  -49.000  -39.000 0.0000000000
-1  -6.000  -49.000  -39.000 0.0000000000
-1  -7.000  -49.000  -39.000 0.0000000000
-1  5.000  -49.000  -40.000 0.0000000000
-1  4.000  -49.000  -40.000 0.0000000000
-1  3.000  -49.000  -40.000 0.0000000000
-1  2.000  -49.000  -40.000 0.0000000000
-1  1.000  -49.000  -40.000 0.0000000000
-1  0.000  -49.000  -40.000 0.0000000000
-1  -1.000  -49.000  -40.000 0.0000000000
-1  -2.000  -49.000  -40.000 0.0000000000
-1  -3.000  -49.000  -40.000 0.0000000000
-1  -4.000  -49.000  -40.000 0.0000000000
-1  -5.000  -49.000  -40.000 0.0000000000
-1  -6.000  -49.000  -40.000 0.0000000000
-1  -7.000  -49.000  -40.000 0.0000000000
-1  4.000  -49.000  -41.000 0.0000000000
-1  3.000  -49.000  -41.000 0.0000000000
-1  2.000  -49.000  -41.000 0.0000000000
-1  1.000  -49.000  -41.000 0.0000000000
-1  0.000  -49.000  -41.000 0.0000000000
-1  -1.000  -49.000  -41.000 0.0000000000
-1  -2.000  -49.000  -41.000 0.0000000000
-1  -3.000  -49.000  -41.000 0.0000000000
-1  -4.000  -49.000  -41.000 0.0000000000
-1  -5.000  -49.000  -41.000 0.0000000000
-1  -7.000  -49.000  -41.000 0.0000000000
-1  -9.000  -49.000  -41.000 0.0000000000
-1  -10.000  -49.000  -41.000 0.0000000000
-1  4.000  -49.000  -42.000 0.0000000000
-1  3.000  -49.000  -42.000 0.0000000000
-1  2.000  -49.000  -42.000 0.0000000000
-1  1.000  -49.000  -42.000 0.0000000000
-1  0.000  -49.000  -42.000 0.0000000000
-1  -1.000  -49.000  -42.000 0.0000000000
-1  -2.000  -49.000  -42.000 0.0000000000
-1  -3.000  -49.000  -42.000 0.0000000000
-1  -4.000  -49.000  -42.000 0.0000000000
-1  -5.000  -49.000  -42.000 0.0000000000
-1  -6.000  -49.000  -42.000 0.0000000000
-1  -8.000  -49.000  -42.000 0.0000000000
-1  -9.000  -49.000  -42.000 0.0000000000
-1  -11.000  -49.000  -42.000 0.0000000000
-1  3.000  -49.000  -43.000 0.0000000000
-1  2.000  -49.000  -43.000 0.0000000000
-1  1.000  -49.000  -43.000 0.0000000000
-1  0.000  -49.000  -43.000 0.0000000000
-1  -1.000  -49.000  -43.000 0.0000000000
-1  -2.000  -49.000  -43.000 0.0000000000
-1  -3.000  -49.000  -43.000 0.0000000000
-1  -5.000  -49.000  -43.000 0.0000000000
-1  -8.000  -49.000  -43.000 0.0000000000
-1  -9.000  -49.000  -43.000 0.0000000000
-1  -10.000  -49.000  -43.000 0.0000000000
-1  3.000  -49.000  -44.000 0.0000000000
-1  2.000  -49.000  -44.000 0.0000000000
-1  1.000  -49.000  -44.000 0.0000000000
-1  0.000  -49.000  -44.000 0.0000000000
-1  -1.000  -49.000  -44.000 0.0000000000
-1  -2.000  -49.000  -44.000 0.0000000000
-1  -3.000  -49.000  -44.000 0.0000000000
-1  -4.000  -49.000  -44.000 0.0000000000
-1  3.000  -49.000  -45.000 0.0000000000
-1  2.000  -49.000  -45.000 0.0000000000
-1  1.000  -49.000  -45.000 0.0000000000
-1  0.000  -49.000  -45.000 0.0000000000
-1  -1.000  -49.000  -45.000 0.0000000000
-1  -2.000  -49.000  -45.000 0.0000000000
-1  3.000  -49.000  -46.000 0.0000000000
-1  2.000  -49.000  -46.000 0.0000000000
-1  1.000  -49.000  -46.000 0.0000000000
-1  0.000  -49.000  -46.000 0.0000000000
-1  -1.000  -49.000  -46.000 0.0000000000
-1  -2.000  -49.000  -46.000 0.0000000000
-1  3.000  -49.000  -47.000 0.0000000000
-1  2.000  -49.000  -47.000 0.0000000000
-1  1.000  -49.000  -47.000 0.0000000000
-1  0.000  -49.000  -47.000 0.0000000000
-1  -1.000  -49.000  -47.000 0.0000000000
-1  -2.000  -49.000  -47.000 0.0000000000
-1  3.000  -49.000  -48.000 0.0000000000
-1  2.000  -49.000  -48.000 0.0000000000
-1  1.000  -49.000  -48.000 0.0000000000
-1  0.000  -49.000  -48.000 0.0000000000
-1  -1.000  -49.000  -48.000 0.0000000000
-1  -2.000  -49.000  -48.000 0.0000000000
-1  4.000  -49.000  -49.000 0.0000000000
-1  3.000  -49.000  -49.000 0.0000000000
-1  2.000  -49.000  -49.000 0.0000000000
-1  1.000  -49.000  -49.000 0.0000000000
-1  0.000  -49.000  -49.000 0.0000000000
-1  -1.000  -49.000  -49.000 0.0000000000
-1  4.000  -49.000  -50.000 0.0000000000
-1  3.000  -49.000  -50.000 0.0000000000
-1  2.000  -49.000  -50.000 0.0000000000
-1  1.000  -49.000  -50.000 0.0000000000
-1  0.000  -49.000  -50.000 0.0000000000
-1  -1.000  -49.000  -50.000 0.0000000000
-1  4.000  -49.000  -51.000 0.0000000000
-1  3.000  -49.000  -51.000 0.0000000000
-1  2.000  -49.000  -51.000 0.0000000000
-1  1.000  -49.000  -51.000 0.0000000000
-1  0.000  -49.000  -51.000 0.0000000000
-1  -1.000  -49.000  -51.000 0.0000000000
-1  3.000  -49.000  -52.000 0.0000000000
-1  2.000  -49.000  -52.000 0.0000000000
-1  1.000  -49.000  -52.000 0.0000000000
-1  0.000  -49.000  -52.000 0.0000000000
-1  2.000  -49.000  -53.000 0.0000000000
-1  1.000  -49.000  -53.000 0.0000000000
-1  0.000  -49.000  -53.000 0.0000000000
-1  3.000  -48.000  -27.000 0.0000000000
-1  0.000  -48.000  -27.000 0.0000000000
-1  -1.000  -48.000  -27.000 0.0000000000
-1  5.000  -48.000  -28.000 0.0000000000
-1  4.000  -48.000  -28.000 0.0000000000
-1  3.000  -48.000  -28.000 0.0000000000
-1  2.000  -48.000  -28.000 0.0000000000
-1  1.000  -48.000  -28.000 0.0000000000
-1  0.000  -48.000  -28.000 0.0000000000
-1  -1.000  -48.000  -28.000 0.0000000000
-1  -2.000  -48.000  -28.000 0.0000000000
-1  -3.000  -48.000  -28.000 0.0000000000
-1  6.000  -48.000  -29.000 0.0000000000
-1  5.000  -48.000  -29.000 0.0000000000
-1  4.000  -48.000  -29.000 0.0000000000
-1  3.000  -48.000  -29.000 0.0000000000
-1  2.000  -48.000  -29.000 0.0000000000
-1  1.000  -48.000  -29.000 0.0000000000
-1  0.000  -48.000  -29.000 0.0000000000
-1  -1.000  -48.000  -29.000 0.0000000000
-1  -2.000  -48.000  -29.000 0.0000000000
-1  -3.000  -48.000  -29.000 0.0000000000
-1  -4.000  -48.000  -29.000 0.0000000000
-1  7.000  -48.000  -30.000 0.0000000000
-1  6.000  -48.000  -30.000 0.0000000000
-1  5.000  -48.000  -30.000 0.0000000000
-1  4.000  -48.000  -30.000 0.0000000000
-1  3.000  -48.000  -30.000 0.0000000000
-1  2.000  -48.000  -30.000 0.0000000000
-1  1.000  -48.000  -30.000 0.0000000000
-1  0.000  -48.000  -30.000 0.0000000000
-1  -1.000  -48.000  -30.000 0.0000000000
-1  -2.000  -48.000  -30.000 0.0000000000
-1  -3.000  -48.000  -30.000 0.0000000000
-1  -4.000  -48.000  -30.000 0.0000000000
-1  7.000  -48.000  -31.000 0.0000000000
-1  6.000  -48.000  -31.000 0.0000000000
-1  5.000  -48.000  -31.000 0.0000000000
-1  4.000  -48.000  -31.000 0.0000000000
-1  3.000  -48.000  -31.000 0.0000000000
-1  2.000  -48.000  -31.000 0.0000000000
-1  1.000  -48.000  -31.000 0.0000000000
-1  0.000  -48.000  -31.000 0.0000000000
-1  -1.000  -48.000  -31.000 0.0000000000
-1  -2.000  -48.000  -31.000 0.0000000000
-1  -3.000  -48.000  -31.000 0.0000000000
-1  -4.000  -48.000  -31.000 0.0000000000
-1  -5.000  -48.000  -31.000 0.0000000000
-1  7.000  -48.000  -32.000 0.0000000000
-1  6.000  -48.000  -32.000 0.0000000000
-1  5.000  -48.000  -32.000 0.0000000000
-1  4.000  -48.000  -32.000 0.0000000000
-1  3.000  -48.000  -32.000 0.0000000000
-1  2.000  -48.000  -32.000 0.0000000000
-1  1.000  -48.000  -32.000 0.0000000000
-1  0.000  -48.000  -32.000 0.0000000000
-1  -1.000  -48.000  -32.000 0.0000000000
-1  -2.000  -48.000  -32.000 0.0000000000
-1  -3.000  -48.000  -32.000 0.0000000000
-1  -4.000  -48.000  -32.000 0.0000000000
-1  -5.000  -48.000  -32.000 0.0000000000
-1  8.000  -48.000  -33.000 0.0000000000
-1  7.000  -48.000  -33.000 0.0000000000
-1  6.000  -48.000  -33.000 0.0000000000
-1  5.000  -48.000  -33.000 0.0000000000
-1  4.000  -48.000  -33.000 0.0000000000
-1  3.000  -48.000  -33.000 0.0000000000
-1  2.000  -48.000  -33.000 0.0000000000
-1  1.000  -48.000  -33.000 0.0000000000
-1  0.000  -48.000  -33.000 0.0000000000
-1  -1.000  -48.000  -33.000 0.0000000000
-1  -2.000  -48.000  -33.000 0.0000000000
-1  -3.000  -48.000  -33.000 0.0000000000
-1  -4.000  -48.000  -33.000 0.0000000000
-1  -5.000  -48.000  -33.000 0.0000000000
-1  -6.000  -48.000  -33.000 0.0000000000
-1  8.000  -48.000  -34.000 0.0000000000
-1  7.000  -48.000  -34.000 0.0000000000
-1  6.000  -48.000  -34.000 0.0000000000
-1  5.000  -48.000  -34.000 0.0000000000
-1  4.000  -48.000  -34.000 0.0000000000
-1  3.000  -48.000  -34.000 0.0000000000
-1  2.000  -48.000  -34.000 0.0000000000
-1  1.000  -48.000  -34.000 0.0000000000
-1  0.000  -48.000  -34.000 0.0000000000
-1  -1.000  -48.000  -34.000 0.0000000000
-1  -2.000  -48.000  -34.000 0.0000000000
-1  -3.000  -48.000  -34.000 0.0000000000
-1  -4.000  -48.000  -34.000 0.0000000000
-1  -5.000  -48.000  -34.000 0.0000000000
-1  -6.000  -48.000  -34.000 0.0000000000
-1  8.000  -48.000  -35.000 0.0000000000
-1  7.000  -48.000  -35.000 0.0000000000
-1  6.000  -48.000  -35.000 0.0000000000
-1  5.000  -48.000  -35.000 0.0000000000
-1  4.000  -48.000  -35.000 0.0000000000
-1  3.000  -48.000  -35.000 0.0000000000
-1  2.000  -48.000  -35.000 0.0000000000
-1  1.000  -48.000  -35.000 0.0000000000
-1  0.000  -48.000  -35.000 0.0000000000
-1  -1.000  -48.000  -35.000 0.0000000000
-1  -2.000  -48.000  -35.000 0.0000000000
-1  -3.000  -48.000  -35.000 0.0000000000
-1  -4.000  -48.000  -35.000 0.0000000000
-1  -5.000  -48.000  -35.000 0.0000000000
-1  -6.000  -48.000  -35.000 0.0000000000
-1  -7.000  -48.000  -35.000 0.0000000000
-1  8.000  -48.000  -36.000 0.0000000000
-1  7.000  -48.000  -36.000 0.0000000000
-1  6.000  -48.000  -36.000 0.0000000000
-1  5.000  -48.000  -36.000 0.0000000000
-1  4.000  -48.000  -36.000 0.0000000000
-1  3.000  -48.000  -36.000 0.0000000000
-1  2.000  -48.000  -36.000 0.0000000000
-1  1.000  -48.000  -36.000 0.0000000000
-1  0.000  -48.000  -36.000 0.0000000000
-1  -1.000  -48.000  -36.000 0.0000000000
-1  -2.000  -48.000  -36.000 0.0000000000
-1  -3.000  -48.000  -36.000 0.0000000000
-1  -4.000  -48.000  -36.000 0.0000000000
-1  -5.000  -48.000  -36.000 0.0000000000
-1  -6.000  -48.000  -36.000 0.0000000000
-1  -7.000  -48.000  -36.000 0.0000000000
-1  9.000  -48.000  -37.000 0.0000000000
-1  8.000  -48.000  -37.000 0.0000000000
-1  7.000  -48.000  -37.000 0.0000000000
-1  6.000  -48.000  -37.000 0.0000000000
-1  5.000  -48.000  -37.000 0.0000000000
-1  4.000  -48.000  -37.000 0.0000000000
-1  3.000  -48.000  -37.000 0.0000000000
-1  2.000  -48.000  -37.000 0.0000000000
-1  1.000  -48.000  -37.000 0.0000000000
-1  0.000  -48.000  -37.000 0.0000000000
-1  -1.000  -48.000  -37.000 0.0000000000
-1  -2.000  -48.000  -37.000 0.0000000000
-1  -3.000  -48.000  -37.000 0.0000000000
-1  -4.000  -48.000  -37.000 0.0000000000
-1  -5.000  -48.000  -37.000 0.0000000000
-1  -6.000  -48.000  -37.000 0.0000000000
-1  -7.000  -48.000  -37.000 0.0000000000
-1  8.000  -48.000  -38.000 0.0000000000
-1  7.000  -48.000  -38.000 0.0000000000
-1  6.000  -48.000  -38.000 0.0000000000
-1  5.000  -48.000  -38.000 0.0000000000
-1  4.000  -48.000  -38.000 0.0000000000
-1  3.000  -48.000  -38.000 0.0000000000
-1  2.000  -48.000  -38.000 0.0000000000
-1  1.000  -48.000  -38.000 0.0000000000
-1  0.000  -48.000  -38.000 0.0000000000
-1  -1.000  -48.000  -38.000 0.0000000000
-1  -2.000  -48.000  -38.000 0.0000000000
-1  -3.000  -48.000  -38.000 0.0000000000
-1  -4.000  -48.000  -38.000 0.0000000000
-1  -5.000  -48.000  -38.000 0.0000000000
-1  -6.000  -48.000  -38.000 0.0000000000
-1  -7.000  -48.000  -38.000 0.0000000000
-1  8.000  -48.000  -39.000 0.0000000000
-1  7.000  -48.000  -39.000 0.0000000000
-1  6.000  -48.000  -39.000 0.0000000000
-1  5.000  -48.000  -39.000 0.0000000000
-1  4.000  -48.000  -39.000 0.0000000000
-1  3.000  -48.000  -39.000 0.0000000000
-1  2.000  -48.000  -39.000 0.0000000000
-1  1.000  -48.000  -39.000 0.0000000000
-1  0.000  -48.000  -39.000 0.0000000000
-1  -1.000  -48.000  -39.000 0.0000000000
-1  -2.000  -48.000  -39.000 0.0000000000
-1  -3.000  -48.000  -39.000 0.0000000000
-1  -4.000  -48.000  -39.000 0.0000000000
-1  -5.000  -48.000  -39.000 0.0000000000
-1  -6.000  -48.000  -39.000 0.0000000000
-1  -7.000  -48.000  -39.000 0.0000000000
-1  8.000  -48.000  -40.000 0.0000000000
-1  7.000  -48.000  -40.000 0.0000000000
-1  6.000  -48.000  -40.000 0.0000000000
-1  5.000  -48.000  -40.000 0.0000000000
-1  4.000  -48.000  -40.000 0.0000000000
-1  3.000  -48.000  -40.000 0.0000000000
-1  2.000  -48.000  -40.000 0.0000000000
-1  1.000  -48.000  -40.000 0.0000000000
-1  0.000  -48.000  -40.000 0.0000000000
-1  -1.000  -48.000  -40.000 0.0000000000
-1  -2.000  -48.000  -40.000 0.0000000000
-1  -3.000  -48.000  -40.000 0.0000000000
-1  -4.000  -48.000  -40.000 0.0000000000
-1  -5.000  -48.000  -40.000 0.0000000000
-1  -6.000  -48.000  -40.000 0.0000000000
-1  -7.000  -48.000  -40.000 0.0000000000
-1  4.000  -48.000  -41.000 0.0000000000
-1  3.000  -48.000  -41.000 0.0000000000
-1  2.000  -48.000  -41.000 0.0000000000
-1  1.000  -48.000  -41.000 0.0000000000
-1  0.000  -48.000  -41.000 0.0000000000
-1  -1.000  -48.000  -41.000 0.0000000000
-1  -2.000  -48.000  -41.000 0.0000000000
-1  -3.000  -48.000  -41.000 0.0000000000
-1  -4.000  -48.000  -41.000 0.0000000000
-1  -5.000  -48.000  -41.000 0.0000000000
-1  -8.000  -48.000  -41.000 0.0000000000
-1  4.000  -48.000  -42.000 0.0000000000
-1  3.000  -48.000  -42.000 0.0000000000
-1  2.000  -48.000  -42.000 0.0000000000
-1  1.000  -48.000  -42.000 0.0000000000
-1  0.000  -48.000  -42.000 0.0000000000
-1  -1.000  -48.000  -42.000 0.0000000000
-1  -2.000  -48.000  -42.000 0.0000000000
-1  -3.000  -48.000  -42.000 0.0000000000
-1  -9.000  -48.000  -42.000 0.0000000000
-1  5.000  -48.000  -43.000 0.0000000000
-1  4.000  -48.000  -43.000 0.0000000000
-1  3.000  -48.000  -43.000 0.0000000000
-1  2.000  -48.000  -43.000 0.0000000000
-1  1.000  -48.000  -43.000 0.0000000000
-1  0.000  -48.000  -43.000 0.0000000000
-1  -1.000  -48.000  -43.000 0.0000000000
-1  -2.000  -48.000  -43.000 0.0000000000
-1  -3.000  -48.000  -43.000 0.0000000000
-1  -4.000  -48.000  -43.000 0.0000000000
-1  -10.000  -48.000  -43.000 0.0000000000
-1  -11.000  -48.000  -43.000 0.0000000000
-1  5.000  -48.000  -44.000 0.0000000000
-1  4.000  -48.000  -44.000 0.0000000000
-1  3.000  -48.000  -44.000 0.0000000000
-1  2.000  -48.000  -44.000 0.0000000000
-1  1.000  -48.000  -44.000 0.0000000000
-1  0.000  -48.000  -44.000 0.0000000000
-1  -1.000  -48.000  -44.000 0.0000000000
-1  -2.000  -48.000  -44.000 0.0000000000
-1  4.000  -48.000  -45.000 0.0000000000
-1  3.000  -48.000  -45.000 0.0000000000
-1  2.000  -48.000  -45.000 0.0000000000
-1  1.000  -48.000  -45.000 0.0000000000
-1  0.000  -48.000  -45.000 0.0000000000
-1  -1.000  -48.000  -45.000 0.0000000000
-1  -2.000  -48.000  -45.000 0.0000000000
-1  4.000  -48.000  -46.000 0.0000000000
-1  3.000  -48.000  -46.000 0.0000000000
-1  2.000  -48.000  -46.000 0.0000000000
-1  1.000  -48.000  -46.000 0.0000000000
-1  0.000  -48.000  -46.000 0.0000000000
-1  -1.000  -48.000  -46.000 0.0000000000
-1  -2.000  -48.000  -46.000 0.0000000000
-1  4.000  -48.000  -47.000 0.0000000000
-1  3.000  -48.000  -47.000 0.0000000000
-1  2.000  -48.000  -47.000 0.0000000000
-1  1.000  -48.000  -47.000 0.0000000000
-1  0.000  -48.000  -47.000 0.0000000000
-1  -1.000  -48.000  -47.000 0.0000000000
-1  -2.000  -48.000  -47.000 0.0000000000
-1  4.000  -48.000  -48.000 0.0000000000
-1  3.000  -48.000  -48.000 0.0000000000
-1  2.000  -48.000  -48.000 0.0000000000
-1  1.000  -48.000  -48.000 0.0000000000
-1  0.000  -48.000  -48.000 0.0000000000
-1  -1.000  -48.000  -48.000 0.0000000000
-1  -2.000  -48.000  -48.000 0.0000000000
-1  4.000  -48.000  -49.000 0.0000000000
-1  3.000  -48.000  -49.000 0.0000000000
-1  2.000  -48.000  -49.000 0.0000000000
-1  1.000  -48.000  -49.000 0.0000000000
-1  0.000  -48.000  -49.000 0.0000000000
-1  -1.000  -48.000  -49.000 0.0000000000
-1  3.000  -48.000  -50.000 0.0000000000
-1  2.000  -48.000  -50.000 0.0000000000
-1  1.000  -48.000  -50.000 0.0000000000
-1  0.000  -48.000  -50.000 0.0000000000
-1  -1.000  -48.000  -50.000 0.0000000000
-1  3.000  -48.000  -51.000 0.0000000000
-1  2.000  -48.000  -51.000 0.0000000000
-1  1.000  -48.000  -51.000 0.0000000000
-1  0.000  -48.000  -51.000 0.0000000000
-1  -1.000  -48.000  -51.000 0.0000000000
-1  2.000  -48.000  -52.000 0.0000000000
-1  1.000  -48.000  -52.000 0.0000000000
-1  0.000  -48.000  -52.000 0.0000000000
-1  2.000  -48.000  -53.000 0.0000000000
-1  1.000  -48.000  -53.000 0.0000000000
-1  0.000  -48.000  -53.000 0.0000000000
-1  4.000  -47.000  -26.000 0.0000000000
-1  0.000  -47.000  -26.000 0.0000000000
-1  5.000  -47.000  -27.000 0.0000000000
-1  4.000  -47.000  -27.000 0.0000000000
-1  3.000  -47.000  -27.000 0.0000000000
-1  2.000  -47.000  -27.000 0.0000000000
-1  1.000  -47.000  -27.000 0.0000000000
-1  0.000  -47.000  -27.000 0.0000000000
-1  -1.000  -47.000  -27.000 0.0000000000
-1  -2.000  -47.000  -27.000 0.0000000000
-1  6.000  -47.000  -28.000 0.0000000000
-1  5.000  -47.000  -28.000 0.0000000000
-1  4.000  -47.000  -28.000 0.0000000000
-1  3.000  -47.000  -28.000 0.0000000000
-1  2.000  -47.000  -28.000 0.0000000000
-1  1.000  -47.000  -28.000 0.0000000000
-1  0.000  -47.000  -28.000 0.0000000000
-1  -1.000  -47.000  -28.000 0.0000000000
-1  -2.000  -47.000  -28.000 0.0000000000
-1  -3.000  -47.000  -28.000 0.0000000000
-1  6.000  -47.000  -29.000 0.0000000000
-1  5.000  -47.000  -29.000 0.0000000000
-1  4.000  -47.000  -29.000 0.0000000000
-1  3.000  -47.000  -29.000 0.0000000000
-1  2.000  -47.000  -29.000 0.0000000000
-1  1.000  -47.000  -29.000 0.0000000000
-1  0.000  -47.000  -29.000 0.0000000000
-1  -1.000  -47.000  -29.000 0.0000000000
-1  -2.000  -47.000  -29.000 0.0000000000
-1  -3.000  -47.000  -29.000 0.0000000000
-1  -4.000  -47.000  -29.000 0.0000000000
-1  7.000  -47.000  -30.000 0.0000000000
-1  6.000  -47.000  -30.000 0.0000000000
-1  5.000  -47.000  -30.000 0.0000000000
-1  4.000  -47.000  -30.000 0.0000000000
-1  3.000  -47.000  -30.000 0.0000000000
-1  2.000  -47.000  -30.000 0.0000000000
-1  1.000  -47.000  -30.000 0.0000000000
-1  0.000  -47.000  -30.000 0.0000000000
-1  -1.000  -47.000  -30.000 0.0000000000
-1  -2.000  -47.000  -30.000 0.0000000000
-1  -3.000  -47.000  -30.000 0.0000000000
-1  -4.000  -47.000  -30.000 0.0000000000
-1  -5.000  -47.000  -30.000 0.0000000000
-1  8.000  -47.000  -31.000 0.0000000000
-1  7.000  -47.000  -31.000 0.0000000000
-1  6.000  -47.000  -31.000 0.0000000000
-1  5.000  -47.000  -31.000 0.0000000000
-1  4.000  -47.000  -31.000 0.0000000000
-1  3.000  -47.000  -31.000 0.0000000000
-1  2.000  -47.000  -31.000 0.0000000000
-1  1.000  -47.000  -31.000 0.0000000000
-1  0.000  -47.000  -31.000 0.0000000000
-1  -1.000  -47.000  -31.000 0.0000000000
-1  -2.000  -47.000  -31.000 0.0000000000
-1  -3.000  -47.000  -31.000 0.0000000000
-1  -4.000  -47.000  -31.000 0.0000000000
-1  -5.000  -47.000  -31.000 0.0000000000
-1  8.000  -47.000  -32.000 0.0000000000
-1  7.000  -47.000  -32.000 0.0000000000
-1  6.000  -47.000  -32.000 0.0000000000
-1  5.000  -47.000  -32.000 0.0000000000
-1  4.000  -47.000  -32.000 0.0000000000
-1  3.000  -47.000  -32.000 0.0000000000
-1  2.000  -47.000  -32.000 0.0000000000
-1  1.000  -47.000  -32.000 0.0000000000
-1  0.000  -47.000  -32.000 0.0000000000
-1  -1.000  -47.000  -32.000 0.0000000000
-1  -2.000  -47.000  -32.000 0.0000000000
-1  -3.000  -47.000  -32.000 0.0000000000
-1  -4.000  -47.000  -32.000 0.0000000000
-1  -5.000  -47.000  -32.000 0.0000000000
-1  -6.000  -47.000  -32.000 0.0000000000
-1  8.000  -47.000  -33.000 0.0000000000
-1  7.000  -47.000  -33.000 0.0000000000
-1  6.000  -47.000  -33.000 0.0000000000
-1  5.000  -47.000  -33.000 0.0000000000
-1  4.000  -47.000  -33.000 0.0000000000
-1  3.000  -47.000  -33.000 0.0000000000
-1  2.000  -47.000  -33.000 0.0000000000
-1  1.000  -47.000  -33.000 0.0000000000
-1  0.000  -47.000  -33.000 0.0000000000
-1  -1.000  -47.000  -33.000 0.0000000000
-1  -2.000  -47.000  -33.000 0.0000000000
-1  -3.000  -47.000  -33.000 0.0000000000
-1  -4.000  -47.000  -33.000 0.0000000000
-1  -5.000  -47.000  -33.000 0.0000000000
-1  -6.000  -47.000  -33.000 0.0000000000
-1  8.000  -47.000  -34.000 0.0000000000
-1  7.000  -47.000  -34.000 0.0000000000
-1  6.000  -47.000  -34.000 0.0000000000
-1  5.000  -47.000  -34.000 0.0000000000
-1  4.000  -47.000  -34.000 0.0000000000
-1  3.000  -47.000  -34.000 0.0000000000
-1  2.000  -47.000  -34.000 0.0000000000
-1  1.000  -47.000  -34.000 0.0000000000
-1  0.000  -47.000  -34.000 0.0000000000
-1  -1.000  -47.000  -34.000 0.0000000000
-1  -2.000  -47.000  -34.000 0.0000000000
-1  -3.000  -47.000  -34.000 0.0000000000
-1  -4.000  -47.000  -34.000 0.0000000000
-1  -5.000  -47.000  -34.000 0.0000000000
-1  -6.000  -47.000  -34.000 0.0000000000
-1  8.000  -47.000  -35.000 0.0000000000
-1  7.000  -47.000  -35.000 0.0000000000
-1  6.000  -47.000  -35.000 0.0000000000
-1  5.000  -47.000  -35.000 0.0000000000
-1  4.000  -47.000  -35.000 0.0000000000
-1  3.000  -47.000  -35.000 0.0000000000
-1  2.000  -47.000  -35.000 0.0000000000
-1  1.000  -47.000  -35.000 0.0000000000
-1  0.000  -47.000  -35.000 0.0000000000
-1  -1.000  -47.000  -35.000 0.0000000000
-1  -2.000  -47.000  -35.000 0.0000000000
-1  -3.000  -47.000  -35.000 0.0000000000
-1  -4.000  -47.000  -35.000 0.0000000000
-1  -5.000  -47.000  -35.000 0.0000000000
-1  -6.000  -47.000  -35.000 0.0000000000
-1  8.000  -47.000  -36.000 0.0000000000
-1  7.000  -47.000  -36.000 0.0000000000
-1  6.000  -47.000  -36.000 0.0000000000
-1  5.000  -47.000  -36.000 0.0000000000
-1  4.000  -47.000  -36.000 0.0000000000
-1  3.000  -47.000  -36.000 0.0000000000
-1  2.000  -47.000  -36.000 0.0000000000
-1  1.000  -47.000  -36.000 0.0000000000
-1  0.000  -47.000  -36.000 0.0000000000
-1  -1.000  -47.000  -36.000 0.0000000000
-1  -2.000  -47.000  -36.000 0.0000000000
-1  -3.000  -47.000  -36.000 0.0000000000
-1  -4.000  -47.000  -36.000 0.0000000000
-1  -5.000  -47.000  -36.000 0.0000000000
-1  -6.000  -47.000  -36.000 0.0000000000
-1  8.000  -47.000  -37.000 0.0000000000
-1  7.000  -47.000  -37.000 0.0000000000
-1  6.000  -47.000  -37.000 0.0000000000
-1  5.000  -47.000  -37.000 0.0000000000
-1  4.000  -47.000  -37.000 0.0000000000
-1  3.000  -47.000  -37.000 0.0000000000
-1  2.000  -47.000  -37.000 0.0000000000
-1  1.000  -47.000  -37.000 0.0000000000
-1  0.000  -47.000  -37.000 0.0000000000
-1  -1.000  -47.000  -37.000 0.0000000000
-1  -2.000  -47.000  -37.000 0.0000000000
-1  -3.000  -47.000  -37.000 0.0000000000
-1  -4.000  -47.000  -37.000 0.0000000000
-1  -5.000  -47.000  -37.000 0.0000000000
-1  -6.000  -47.000  -37.000 0.0000000000
-1  8.000  -47.000  -38.000 0.0000000000
-1  7.000  -47.000  -38.000 0.0000000000
-1  6.000  -47.000  -38.000 0.0000000000
-1  5.000  -47.000  -38.000 0.0000000000
-1  4.000  -47.000  -38.000 0.0000000000
-1  3.000  -47.000  -38.000 0.0000000000
-1  2.000  -47.000  -38.000 0.0000000000
-1  1.000  -47.000  -38.000 0.0000000000
-1  0.000  -47.000  -38.000 0.0000000000
-1  -1.000  -47.000  -38.000 0.0000000000
-1  -2.000  -47.000  -38.000 0.0000000000
-1  -3.000  -47.000  -38.000 0.0000000000
-1  -4.000  -47.000  -38.000 0.0000000000
-1  -5.000  -47.000  -38.000 0.0000000000
-1  -6.000  -47.000  -38.000 0.0000000000
-1  -7.000  -47.000  -38.000 0.0000000000
-1  7.000  -47.000  -39.000 0.0000000000
-1  6.000  -47.000  -39.000 0.0000000000
-1  5.000  -47.000  -39.000 0.0000000000
-1  4.000  -47.000  -39.000 0.0000000000
-1  3.000  -47.000  -39.000 0.0000000000
-1  2.000  -47.000  -39.000 0.0000000000
-1  1.000  -47.000  -39.000 0.0000000000
-1  0.000  -47.000  -39.000 0.0000000000
-1  -1.000  -47.000  -39.000 0.0000000000
-1  -2.000  -47.000  -39.000 0.0000000000
-1  -3.000  -47.000  -39.000 0.0000000000
-1  -4.000  -47.000  -39.000 0.0000000000
-1  -5.000  -47.000  -39.000 0.0000000000
-1  -6.000  -47.000  -39.000 0.0000000000
-1  6.000  -47.000  -40.000 0.0000000000
-1  5.000  -47.000  -40.000 0.0000000000
-1  4.000  -47.000  -40.000 0.0000000000
-1  3.000  -47.000  -40.000 0.0000000000
-1  2.000  -47.000  -40.000 0.0000000000
-1  1.000  -47.000  -40.000 0.0000000000
-1  0.000  -47.000  -40.000 0.0000000000
-1  -1.000  -47.000  -40.000 0.0000000000
-1  -2.000  -47.000  -40.000 0.0000000000
-1  -3.000  -47.000  -40.000 0.0000000000
-1  -4.000  -47.000  -40.000 0.0000000000
-1  -5.000  -47.000  -40.000 0.0000000000
-1  -6.000  -47.000  -40.000 0.0000000000
-1  5.000  -47.000  -41.000 0.0000000000
-1  4.000  -47.000  -41.000 0.0000000000
-1  3.000  -47.000  -41.000 0.0000000000
-1  2.000  -47.000  -41.000 0.0000000000
-1  1.000  -47.000  -41.000 0.0000000000
-1  0.000  -47.000  -41.000 0.0000000000
-1  -1.000  -47.000  -41.000 0.0000000000
-1  -2.000  -47.000  -41.000 0.0000000000
-1  -3.000  -47.000  -41.000 0.0000000000
-1  -4.000  -47.000  -41.000 0.0000000000
-1  -5.000  -47.000  -41.000 0.0000000000
-1  -6.000  -47.000  -41.000 0.0000000000
-1  5.000  -47.000  -42.000 0.0000000000
-1  4.000  -47.000  -42.000 0.0000000000
-1  3.000  -47.000  -42.000 0.0000000000
-1  2.000  -47.000  -42.000 0.0000000000
-1  1.000  -47.000  -42.000 0.0000000000
-1  0.000  -47.000  -42.000 0.0000000000
-1  -1.000  -47.000  -42.000 0.0000000000
-1  -2.000  -47.000  -42.000 0.0000000000
-1  -3.000  -47.000  -42.000 0.0000000000
-1  4.000  -47.000  -43.000 0.0000000000
-1  3.000  -47.000  -43.000 0.0000000000
-1  2.000  -47.000  -43.000 0.0000000000
-1  1.000  -47.000  -43.000 0.0000000000
-1  0.000  -47.000  -43.000 0.0000000000
-1  -1.000  -47.000  -43.000 0.0000000000
-1  -2.000  -47.000  -43.000 0.0000000000
-1  -3.000  -47.000  -43.000 0.0000000000
-1  5.000  -47.000  -44.000 0.0000000000
-1  4.000  -47.000  -44.000 0.0000000000
-1  3.000  -47.000  -44.000 0.0000000000
-1  2.000  -47.000  -44.000 0.0000000000
-1  1.000  -47.000  -44.000 0.0000000000
-1  0.000  -47.000  -44.000 0.0000000000
-1  -1.000  -47.000  -44.000 0.0000000000
-1  -2.000  -47.000  -44.000 0.0000000000
-1  -3.000  -47.000  -44.000 0.0000000000
-1  4.000  -47.000  -45.000 0.0000000000
-1  3.000  -47.000  -45.000 0.0000000000
-1  2.000  -47.000  -45.000 0.0000000000
-1  1.000  -47.000  -45.000 0.0000000000
-1  0.000  -47.000  -45.000 0.0000000000
-1  -1.000  -47.000  -45.000 0.0000000000
-1  -2.000  -47.000  -45.000 0.0000000000
-1  4.000  -47.000  -46.000 0.0000000000
-1  3.000  -47.000  -46.000 0.0000000000
-1  2.000  -47.000  -46.000 0.0000000000
-1  1.000  -47.000  -46.000 0.0000000000
-1  0.000  -47.000  -46.000 0.0000000000
-1  -1.000  -47.000  -46.000 0.0000000000
-1  -2.000  -47.000  -46.000 0.0000000000
-1  3.000  -47.000  -47.000 0.0000000000
-1  2.000  -47.000  -47.000 0.0000000000
-1  1.000  -47.000  -47.000 0.0000000000
-1  0.000  -47.000  -47.000 0.0000000000
-1  -1.000  -47.000  -47.000 0.0000000000
-1  -2.000  -47.000  -47.000 0.0000000000
-1  3.000  -47.000  -48.000 0.0000000000
-1  2.000  -47.000  -48.000 0.0000000000
-1  1.000  -47.000  -48.000 0.0000000000
-1  0.000  -47.000  -48.000 0.0000000000
-1  -1.000  -47.000  -48.000 0.0000000000
-1  3.000  -47.000  -49.000 0.0000000000
-1  2.000  -47.000  -49.000 0.0000000000
-1  1.000  -47.000  -49.000 0.0000000000
-1  0.000  -47.000  -49.000 0.0000000000
-1  -1.000  -47.000  -49.000 0.0000000000
-1  2.000  -47.000  -50.000 0.0000000000
-1  1.000  -47.000  -50.000 0.0000000000
-1  0.000  -47.000  -50.000 0.0000000000
-1  0.000  -46.000  -25.000 0.0000000000
-1  5.000  -46.000  -26.000 0.0000000000
-1  4.000  -46.000  -26.000 0.0000000000
-1  3.000  -46.000  -26.000 0.0000000000
-1  2.000  -46.000  -26.000 0.0000000000
-1  1.000  -46.000  -26.000 0.0000000000
-1  0.000  -46.000  -26.000 0.0000000000
-1  -1.000  -46.000  -26.000 0.0000000000
-1  -2.000  -46.000  -26.000 0.0000000000
-1  5.000  -46.000  -27.000 0.0000000000
-1  4.000  -46.000  -27.000 0.0000000000
-1  3.000  -46.000  -27.000 0.0000000000
-1  2.000  -46.000  -27.000 0.0000000000
-1  1.000  -46.000  -27.000 0.0000000000
-1  0.000  -46.000  -27.000 0.0000000000
-1  -1.000  -46.000  -27.000 0.0000000000
-1  -2.000  -46.000  -27.000 0.0000000000
-1  -3.000  -46.000  -27.000 0.0000000000
-1  -4.000  -46.000  -27.000 0.0000000000
-1  6.000  -46.000  -28.000 0.0000000000
-1  5.000  -46.000  -28.000 0.0000000000
-1  4.000  -46.000  -28.000 0.0000000000
-1  3.000  -46.000  -28.000 0.0000000000
-1  2.000  -46.000  -28.000 0.0000000000
-1  1.000  -46.000  -28.000 0.0000000000
-1  0.000  -46.000  -28.000 0.0000000000
-1  -1.000  -46.000  -28.000 0.0000000000
-1  -2.000  -46.000  -28.000 0.0000000000
-1  -3.000  -46.000  -28.000 0.0000000000
-1  -4.000  -46.000  -28.000 0.0000000000
-1  6.000  -46.000  -29.000 0.0000000000
-1  5.000  -46.000  -29.000 0.0000000000
-1  4.000  -46.000  -29.000 0.0000000000
-1  3.000  -46.000  -29.000 0.0000000000
-1  2.000  -46.000  -29.000 0.0000000000
-1  1.000  -46.000  -29.000 0.0000000000
-1  0.000  -46.000  -29.000 0.0000000000
-1  -1.000  -46.000  -29.000 0.0000000000
-1  -2.000  -46.000  -29.000 0.0000000000
-1  -3.000  -46.000  -29.000 0.0000000000
-1  -4.000  -46.000  -29.000 0.0000000000
-1  -5.000  -46.000  -29.000 0.0000000000
-1  7.000  -46.000  -30.000 0.0000000000
-1  6.000  -46.000  -30.000 0.0000000000
-1  5.000  -46.000  -30.000 0.0000000000
-1  4.000  -46.000  -30.000 0.0000000000
-1  3.000  -46.000  -30.000 0.0000000000
-1  2.000  -46.000  -30.000 0.0000000000
-1  1.000  -46.000  -30.000 0.0000000000
-1  0.000  -46.000  -30.000 0.0000000000
-1  -1.000  -46.000  -30.000 0.0000000000
-1  -2.000  -46.000  -30.000 0.0000000000
-1  -3.000  -46.000  -30.000 0.0000000000
-1  -4.000  -46.000  -30.000 0.0000000000
-1  -5.000  -46.000  -30.000 0.0000000000
-1  7.000  -46.000  -31.000 0.0000000000
-1  6.000  -46.000  -31.000 0.0000000000
-1  5.000  -46.000  -31.000 0.0000000000
-1  4.000  -46.000  -31.000 0.0000000000
-1  3.000  -46.000  -31.000 0.0000000000
-1  2.000  -46.000  -31.000 0.0000000000
-1  1.000  -46.000  -31.000 0.0000000000
-1  0.000  -46.000  -31.000 0.0000000000
-1  -1.000  -46.000  -31.000 0.0000000000
-1  -2.000  -46.000  -31.000 0.0000000000
-1  -3.000  -46.000  -31.000 0.0000000000
-1  -4.000  -46.000  -31.000 0.0000000000
-1  -5.000  -46.000  -31.000 0.0000000000
-1  7.000  -46.000  -32.000 0.0000000000
-1  6.000  -46.000  -32.000 0.0000000000
-1  5.000  -46.000  -32.000 0.0000000000
-1  4.000  -46.000  -32.000 0.0000000000
-1  3.000  -46.000  -32.000 0.0000000000
-1  2.000  -46.000  -32.000 0.0000000000
-1  1.000  -46.000  -32.000 0.0000000000
-1  0.000  -46.000  -32.000 0.0000000000
-1  -1.000  -46.000  -32.000 0.0000000000
-1  -2.000  -46.000  -32.000 0.0000000000
-1  -3.000  -46.000  -32.000 0.0000000000
-1  -4.000  -46.000  -32.000 0.0000000000
-1  -5.000  -46.000  -32.000 0.0000000000
-1  -6.000  -46.000  -32.000 0.0000000000
-1  7.000  -46.000  -33.000 0.0000000000
-1  6.000  -46.000  -33.000 0.0000000000
-1  5.000  -46.000  -33.000 0.0000000000
-1  4.000  -46.000  -33.000 0.0000000000
-1  3.000  -46.000  -33.000 0.0000000000
-1  2.000  -46.000  -33.000 0.0000000000
-1  1.000  -46.000  -33.000 0.0000000000
-1  0.000  -46.000  -33.000 0.0000000000
-1  -1.000  -46.000  -33.000 0.0000000000
-1  -2.000  -46.000  -33.000 0.0000000000
-1  -3.000  -46.000  -33.000 0.0000000000
-1  -4.000  -46.000  -33.000 0.0000000000
-1  -5.000  -46.000  -33.000 0.0000000000
-1  -6.000  -46.000  -33.000 0.0000000000
-1  8.000  -46.000  -34.000 0.0000000000
-1  7.000  -46.000  -34.000 0.0000000000
-1  6.000  -46.000  -34.000 0.0000000000
-1  5.000  -46.000  -34.000 0.0000000000
-1  4.000  -46.000  -34.000 0.0000000000
-1  3.000  -46.000  -34.000 0.0000000000
-1  2.000  -46.000  -34.000 0.0000000000
-1  1.000  -46.000  -34.000 0.0000000000
-1  0.000  -46.000  -34.000 0.0000000000
-1  -1.000  -46.000  -34.000 0.0000000000
-1  -2.000  -46.000  -34.000 0.0000000000
-1  -3.000  -46.000  -34.000 0.0000000000
-1  -4.000  -46.000  -34.000 0.0000000000
-1  -5.000  -46.000  -34.000 0.0000000000
-1  -6.000  -46.000  -34.000 0.0000000000
-1  8.000  -46.000  -35.000 0.0000000000
-1  7.000  -46.000  -35.000 0.0000000000
-1  6.000  -46.000  -35.000 0.0000000000
-1  5.000  -46.000  -35.000 0.0000000000
-1  4.000  -46.000  -35.000 0.0000000000
-1  3.000  -46.000  -35.000 0.0000000000
-1  2.000  -46.000  -35.000 0.0000000000
-1  1.000  -46.000  -35.000 0.0000000000
-1  0.000  -46.000  -35.000 0.0000000000
-1  -1.000  -46.000  -35.000 0.0000000000
-1  -2.000  -46.000  -35.000 0.0000000000
-1  -3.000  -46.000  -35.000 0.0000000000
-1  -4.000  -46.000  -35.000 0.0000000000
-1  -5.000  -46.000  -35.000 0.0000000000
-1  -6.000  -46.000  -35.000 0.0000000000
-1  8.000  -46.000  -36.000 0.0000000000
-1  7.000  -46.000  -36.000 0.0000000000
-1  6.000  -46.000  -36.000 0.0000000000
-1  5.000  -46.000  -36.000 0.0000000000
-1  4.000  -46.000  -36.000 0.0000000000
-1  3.000  -46.000  -36.000 0.0000000000
-1  2.000  -46.000  -36.000 0.0000000000
-1  1.000  -46.000  -36.000 0.0000000000
-1  0.000  -46.000  -36.000 0.0000000000
-1  -1.000  -46.000  -36.000 0.0000000000
-1  -2.000  -46.000  -36.000 0.0000000000
-1  -3.000  -46.000  -36.000 0.0000000000
-1  -4.000  -46.000  -36.000 0.0000000000
-1  -5.000  -46.000  -36.000 0.0000000000
-1  -6.000  -46.000  -36.000 0.0000000000
-1  8.000  -46.000  -37.000 0.0000000000
-1  7.000  -46.000  -37.000 0.0000000000
-1  6.000  -46.000  -37.000 0.0000000000
-1  5.000  -46.000  -37.000 0.0000000000
-1  4.000  -46.000  -37.000 0.0000000000
-1  3.000  -46.000  -37.000 0.0000000000
-1  2.000  -46.000  -37.000 0.0000000000
-1  1.000  -46.000  -37.000 0.0000000000
-1  0.000  -46.000  -37.000 0.0000000000
-1  -1.000  -46.000  -37.000 0.0000000000
-1  -2.000  -46.000  -37.000 0.0000000000
-1  -3.000  -46.000  -37.000 0.0000000000
-1  -4.000  -46.000  -37.000 0.0000000000
-1  -5.000  -46.000  -37.000 0.0000000000
-1  -6.000  -46.000  -37.000 0.0000000000
-1  7.000  -46.000  -38.000 0.0000000000
-1  6.000  -46.000  -38.000 0.0000000000
-1  5.000  -46.000  -38.000 0.0000000000
-1  4.000  -46.000  -38.000 0.0000000000
-1  3.000  -46.000  -38.000 0.0000000000
-1  2.000  -46.000  -38.000 0.0000000000
-1  1.000  -46.000  -38.000 0.0000000000
-1  0.000  -46.000  -38.000 0.0000000000
-1  -1.000  -46.000  -38.000 0.0000000000
-1  -2.000  -46.000  -38.000 0.0000000000
-1  -3.000  -46.000  -38.000 0.0000000000
-1  -4.000  -46.000  -38.000 0.0000000000
-1  -5.000  -46.000  -38.000 0.0000000000
-1  -6.000  -46.000  -38.000 0.0000000000
-1  7.000  -46.000  -39.000 0.0000000000
-1  6.000  -46.000  -39.000 0.0000000000
-1  5.000  -46.000  -39.000 0.0000000000
-1  4.000  -46.000  -39.000 0.0000000000
-1  3.000  -46.000  -39.000 0.0000000000
-1  2.000  -46.000  -39.000 0.0000000000
-1  1.000  -46.000  -39.000 0.0000000000
-1  0.000  -46.000  -39.000 0.0000000000
-1  -1.000  -46.000  -39.000 0.0000000000
-1  -2.000  -46.000  -39.000 0.0000000000
-1  -3.000  -46.000  -39.000 0.0000000000
-1  -4.000  -46.000  -39.000 0.0000000000
-1  -5.000  -46.000  -39.000 0.0000000000
-1  6.000  -46.000  -40.000 0.0000000000
-1  5.000  -46.000  -40.000 0.0000000000
-1  4.000  -46.000  -40.000 0.0000000000
-1  3.000  -46.000  -40.000 0.0000000000
-1  2.000  -46.000  -40.000 0.0000000000
-1  1.000  -46.000  -40.000 0.0000000000
-1  0.000  -46.000  -40.000 0.0000000000
-1  -1.000  -46.000  -40.000 0.0000000000
-1  -2.000  -46.000  -40.000 0.0000000000
-1  -3.000  -46.000  -40.000 0.0000000000
-1  -4.000  -46.000  -40.000 0.0000000000
-1  5.000  -46.000  -41.000 0.0000000000
-1  4.000  -46.000  -41.000 0.0000000000
-1  3.000  -46.000  -41.000 0.0000000000
-1  2.000  -46.000  -41.000 0.0000000000
-1  1.000  -46.000  -41.000 0.0000000000
-1  0.000  -46.000  -41.000 0.0000000000
-1  -1.000  -46.000  -41.000 0.0000000000
-1  -2.000  -46.000  -41.000 0.0000000000
-1  -3.000  -46.000  -41.000 0.0000000000
-1  -4.000  -46.000  -41.000 0.0000000000
-1  4.000  -46.000  -42.000 0.0000000000
-1  3.000  -46.000  -42.000 0.0000000000
-1  2.000  -46.000  -42.000 0.0000000000
-1  1.000  -46.000  -42.000 0.0000000000
-1  0.000  -46.000  -42.000 0.0000000000
-1  -1.000  -46.000  -42.000 0.0000000000
-1  -2.000  -46.000  -42.000 0.0000000000
-1  -3.000  -46.000  -42.000 0.0000000000
-1  -4.000  -46.000  -42.000 0.0000000000
-1  3.000  -46.000  -43.000 0.0000000000
-1  2.000  -46.000  -43.000 0.0000000000
-1  1.000  -46.000  -43.000 0.0000000000
-1  0.000  -46.000  -43.000 0.0000000000
-1  -1.000  -46.000  -43.000 0.0000000000
-1  3.000  -46.000  -44.000 0.0000000000
-1  2.000  -46.000  -44.000 0.0000000000
-1  1.000  -46.000  -44.000 0.0000000000
-1  0.000  -46.000  -44.000 0.0000000000
-1  -1.000  -46.000  -44.000 0.0000000000
-1  2.000  -46.000  -45.000 0.0000000000
-1  1.000  -46.000  -45.000 0.0000000000
-1  0.000  -46.000  -45.000 0.0000000000
-1  -1.000  -46.000  -45.000 0.0000000000
-1  2.000  -46.000  -46.000 0.0000000000
-1  1.000  -46.000  -46.000 0.0000000000
-1  0.000  -46.000  -46.000 0.0000000000
-1  -1.000  -46.000  -46.000 0.0000000000
-1  3.000  -46.000  -47.000 0.0000000000
-1  1.000  -46.000  -47.000 0.0000000000
-1  0.000  -46.000  -47.000 0.0000000000
-1  4.000  -45.000  -24.000 0.0000000000
-1  3.000  -45.000  -24.000 0.0000000000
-1  2.000  -45.000  -24.000 0.0000000000
-1  1.000  -45.000  -24.000 0.0000000000
-1  0.000  -45.000  -24.000 0.0000000000
-1  -1.000  -45.000  -24.000 0.0000000000
-1  4.000  -45.000  -25.000 0.0000000000
-1  3.000  -45.000  -25.000 0.0000000000
-1  2.000  -45.000  -25.000 0.0000000000
-1  1.000  -45.000  -25.000 0.0000000000
-1  0.000  -45.000  -25.000 0.0000000000
-1  -1.000  -45.000  -25.000 0.0000000000
-1  -2.000  -45.000  -25.000 0.0000000000
-1  -3.000  -45.000  -25.000 0.0000000000
-1  5.000  -45.000  -26.000 0.0000000000
-1  4.000  -45.000  -26.000 0.0000000000
-1  3.000  -45.000  -26.000 0.0000000000
-1  2.000  -45.000  -26.000 0.0000000000
-1  1.000  -45.000  -26.000 0.0000000000
-1  0.000  -45.000  -26.000 0.0000000000
-1  -1.000  -45.000  -26.000 0.0000000000
-1  -2.000  -45.000  -26.000 0.0000000000
-1  -3.000  -45.000  -26.000 0.0000000000
-1  5.000  -45.000  -27.000 0.0000000000
-1  4.000  -45.000  -27.000 0.0000000000
-1  3.000  -45.000  -27.000 0.0000000000
-1  2.000  -45.000  -27.000 0.0000000000
-1  1.000  -45.000  -27.000 0.0000000000
-1  0.000  -45.000  -27.000 0.0000000000
-1  -1.000  -45.000  -27.000 0.0000000000
-1  -2.000  -45.000  -27.000 0.0000000000
-1  -3.000  -45.000  -27.000 0.0000000000
-1  -4.000  -45.000  -27.000 0.0000000000
-1  6.000  -45.000  -28.000 0.0000000000
-1  5.000  -45.000  -28.000 0.0000000000
-1  4.000  -45.000  -28.000 0.0000000000
-1  3.000  -45.000  -28.000 0.0000000000
-1  2.000  -45.000  -28.000 0.0000000000
-1  1.000  -45.000  -28.000 0.0000000000
-1  0.000  -45.000  -28.000 0.0000000000
-1  -1.000  -45.000  -28.000 0.0000000000
-1  -2.000  -45.000  -28.000 0.0000000000
-1  -3.000  -45.000  -28.000 0.0000000000
-1  -4.000  -45.000  -28.000 0.0000000000
-1  6.000  -45.000  -29.000 0.0000000000
-1  5.000  -45.000  -29.000 0.0000000000
-1  4.000  -45.000  -29.000 0.0000000000
-1  3.000  -45.000  -29.000 0.0000000000
-1  2.000  -45.000  -29.000 0.0000000000
-1  1.000  -45.000  -29.000 0.0000000000
-1  0.000  -45.000  -29.000 0.0000000000
-1  -1.000  -45.000  -29.000 0.0000000000
-1  -2.000  -45.000  -29.000 0.0000000000
-1  -3.000  -45.000  -29.000 0.0000000000
-1  -4.000  -45.000  -29.000 0.0000000000
-1  -5.000  -45.000  -29.000 0.0000000000
-1  6.000  -45.000  -30.000 0.0000000000
-1  5.000  -45.000  -30.000 0.0000000000
-1  4.000  -45.000  -30.000 0.0000000000
-1  3.000  -45.000  -30.000 0.0000000000
-1  2.000  -45.000  -30.000 0.0000000000
-1  1.000  -45.000  -30.000 0.0000000000
-1  0.000  -45.000  -30.000 0.0000000000
-1  -1.000  -45.000  -30.000 0.0000000000
-1  -2.000  -45.000  -30.000 0.0000000000
-1  -3.000  -45.000  -30.000 0.0000000000
-1  -4.000  -45.000  -30.000 0.0000000000
-1  -5.000  -45.000  -30.000 0.0000000000
-1  7.000  -45.000  -31.000 0.0000000000
-1  6.000  -45.000  -31.000 0.0000000000
-1  5.000  -45.000  -31.000 0.0000000000
-1  4.000  -45.000  -31.000 0.0000000000
-1  3.000  -45.000  -31.000 0.0000000000
-1  2.000  -45.000  -31.000 0.0000000000
-1  1.000  -45.000  -31.000 0.0000000000
-1  0.000  -45.000  -31.000 0.0000000000
-1  -1.000  -45.000  -31.000 0.0000000000
-1  -2.000  -45.000  -31.000 0.0000000000
-1  -3.000  -45.000  -31.000 0.0000000000
-1  -4.000  -45.000  -31.000 0.0000000000
-1  -5.000  -45.000  -31.000 0.0000000000
-1  7.000  -45.000  -32.000 0.0000000000
-1  6.000  -45.000  -32.000 0.0000000000
-1  5.000  -45.000  -32.000 0.0000000000
-1  4.000  -45.000  -32.000 0.0000000000
-1  3.000  -45.000  -32.000 0.0000000000
-1  2.000  -45.000  -32.000 0.0000000000
-1  1.000  -45.000  -32.000 0.0000000000
-1  0.000  -45.000  -32.000 0.0000000000
-1  -1.000  -45.000  -32.000 0.0000000000
-1  -2.000  -45.000  -32.000 0.0000000000
-1  -3.000  -45.000  -32.000 0.0000000000
-1  -4.000  -45.000  -32.000 0.0000000000
-1  -5.000  -45.000  -32.000 0.0000000000
-1  -6.000  -45.000  -32.000 0.0000000000
-1  7.000  -45.000  -33.000 0.0000000000
-1  6.000  -45.000  -33.000 0.0000000000
-1  5.000  -45.000  -33.000 0.0000000000
-1  4.000  -45.000  -33.000 0.0000000000
-1  3.000  -45.000  -33.000 0.0000000000
-1  2.000  -45.000  -33.000 0.0000000000
-1  1.000  -45.000  -33.000 0.0000000000
-1  0.000  -45.000  -33.000 0.0000000000
-1  -1.000  -45.000  -33.000 0.0000000000
-1  -2.000  -45.000  -33.000 0.0000000000
-1  -3.000  -45.000  -33.000 0.0000000000
-1  -4.000  -45.000  -33.000 0.0000000000
-1  -5.000  -45.000  -33.000 0.0000000000
-1  -6.000  -45.000  -33.000 0.0000000000
-1  7.000  -45.000  -34.000 0.0000000000
-1  6.000  -45.000  -34.000 0.0000000000
-1  5.000  -45.000  -34.000 0.0000000000
-1  4.000  -45.000  -34.000 0.0000000000
-1  3.000  -45.000  -34.000 0.0000000000
-1  2.000  -45.000  -34.000 0.0000000000
-1  1.000  -45.000  -34.000 0.0000000000
-1  0.000  -45.000  -34.000 0.0000000000
-1  -1.000  -45.000  -34.000 0.0000000000
-1  -2.000  -45.000  -34.000 0.0000000000
-1  -3.000  -45.000  -34.000 0.0000000000
-1  -4.000  -45.000  -34.000 0.0000000000
-1  -5.000  -45.000  -34.000 0.0000000000
-1  -6.000  -45.000  -34.000 0.0000000000
-1  7.000  -45.000  -35.000 0.0000000000
-1  6.000  -45.000  -35.000 0.0000000000
-1  5.000  -45.000  -35.000 0.0000000000
-1  4.000  -45.000  -35.000 0.0000000000
-1  3.000  -45.000  -35.000 0.0000000000
-1  2.000  -45.000  -35.000 0.0000000000
-1  1.000  -45.000  -35.000 0.0000000000
-1  0.000  -45.000  -35.000 0.0000000000
-1  -1.000  -45.000  -35.000 0.0000000000
-1  -2.000  -45.000  -35.000 0.0000000000
-1  -3.000  -45.000  -35.000 0.0000000000
-1  -4.000  -45.000  -35.000 0.0000000000
-1  -5.000  -45.000  -35.000 0.0000000000
-1  7.000  -45.000  -36.000 0.0000000000
-1  6.000  -45.000  -36.000 0.0000000000
-1  5.000  -45.000  -36.000 0.0000000000
-1  4.000  -45.000  -36.000 0.0000000000
-1  3.000  -45.000  -36.000 0.0000000000
-1  2.000  -45.000  -36.000 0.0000000000
-1  1.000  -45.000  -36.000 0.0000000000
-1  0.000  -45.000  -36.000 0.0000000000
-1  -1.000  -45.000  -36.000 0.0000000000
-1  -2.000  -45.000  -36.000 0.0000000000
-1  -3.000  -45.000  -36.000 0.0000000000
-1  -4.000  -45.000  -36.000 0.0000000000
-1  -5.000  -45.000  -36.000 0.0000000000
-1  7.000  -45.000  -37.000 0.0000000000
-1  6.000  -45.000  -37.000 0.0000000000
-1  5.000  -45.000  -37.000 0.0000000000
-1  4.000  -45.000  -37.000 0.0000000000
-1  3.000  -45.000  -37.000 0.0000000000
-1  2.000  -45.000  -37.000 0.0000000000
-1  1.000  -45.000  -37.000 0.0000000000
-1  0.000  -45.000  -37.000 0.0000000000
-1  -1.000  -45.000  -37.000 0.0000000000
-1  -2.000  -45.000  -37.000 0.0000000000
-1  -3.000  -45.000  -37.000 0.0000000000
-1  -4.000  -45.000  -37.000 0.0000000000
-1  -5.000  -45.000  -37.000 0.0000000000
-1  7.000  -45.000  -38.000 0.0000000000
-1  6.000  -45.000  -38.000 0.0000000000
-1  5.000  -45.000  -38.000 0.0000000000
-1  4.000  -45.000  -38.000 0.0000000000
-1  3.000  -45.000  -38.000 0.0000000000
-1  2.000  -45.000  -38.000 0.0000000000
-1  1.000  -45.000  -38.000 0.0000000000
-1  0.000  -45.000  -38.000 0.0000000000
-1  -1.000  -45.000  -38.000 0.0000000000
-1  -2.000  -45.000  -38.000 0.0000000000
-1  -3.000  -45.000  -38.000 0.0000000000
-1  -4.000  -45.000  -38.000 0.0000000000
-1  4.000  -45.000  -39.000 0.0000000000
-1  3.000  -45.000  -39.000 0.0000000000
-1  2.000  -45.000  -39.000 0.0000000000
-1  1.000  -45.000  -39.000 0.0000000000
-1  0.000  -45.000  -39.000 0.0000000000
-1  -1.000  -45.000  -39.000 0.0000000000
-1  -2.000  -45.000  -39.000 0.0000000000
-1  3.000  -45.000  -40.000 0.0000000000
-1  2.000  -45.000  -40.000 0.0000000000
-1  1.000  -45.000  -40.000 0.0000000000
-1  0.000  -45.000  -40.000 0.0000000000
-1  -1.000  -45.000  -40.000 0.0000000000
-1  2.000  -45.000  -41.000 0.0000000000
-1  1.000  -45.000  -41.000 0.0000000000
-1  0.000  -45.000  -41.000 0.0000000000
-1  1.000  -45.000  -42.000 0.0000000000
-1  4.000  -44.000  -23.000 0.0000000000
-1  3.000  -44.000  -23.000 0.0000000000
-1  2.000  -44.000  -23.000 0.0000000000
-1  1.000  -44.000  -23.000 0.0000000000
-1  0.000  -44.000  -23.000 0.0000000000
-1  -1.000  -44.000  -23.000 0.0000000000
-1  4.000  -44.000  -24.000 0.0000000000
-1  3.000  -44.000  -24.000 0.0000000000
-1  2.000  -44.000  -24.000 0.0000000000
-1  1.000  -44.000  -24.000 0.0000000000
-1  0.000  -44.000  -24.000 0.0000000000
-1  -1.000  -44.000  -24.000 0.0000000000
-1  -2.000  -44.000  -24.000 0.0000000000
-1  -3.000  -44.000  -24.000 0.0000000000
-1  5.000  -44.000  -25.000 0.0000000000
-1  4.000  -44.000  -25.000 0.0000000000
-1  3.000  -44.000  -25.000 0.0000000000
-1  2.000  -44.000  -25.000 0.0000000000
-1  1.000  -44.000  -25.000 0.0000000000
-1  0.000  -44.000  -25.000 0.0000000000
-1  -1.000  -44.000  -25.000 0.0000000000
-1  -2.000  -44.000  -25.000 0.0000000000
-1  -3.000  -44.000  -25.000 0.0000000000
-1  5.000  -44.000  -26.000 0.0000000000
-1  4.000  -44.000  -26.000 0.0000000000
-1  3.000  -44.000  -26.000 0.0000000000
-1  2.000  -44.000  -26.000 0.0000000000
-1  1.000  -44.000  -26.000 0.0000000000
-1  0.000  -44.000  -26.000 0.0000000000
-1  -1.000  -44.000  -26.000 0.0000000000
-1  -2.000  -44.000  -26.000 0.0000000000
-1  -3.000  -44.000  -26.000 0.0000000000
-1  -4.000  -44.000  -26.000 0.0000000000
-1  5.000  -44.000  -27.000 0.0000000000
-1  4.000  -44.000  -27.000 0.0000000000
-1  3.000  -44.000  -27.000 0.0000000000
-1  2.000  -44.000  -27.000 0.0000000000
-1  1.000  -44.000  -27.000 0.0000000000
-1  0.000  -44.000  -27.000 0.0000000000
-1  -1.000  -44.000  -27.000 0.0000000000
-1  -2.000  -44.000  -27.000 0.0000000000
-1  -3.000  -44.000  -27.000 0.0000000000
-1  -4.000  -44.000  -27.000 0.0000000000
-1  6.000  -44.000  -28.000 0.0000000000
-1  5.000  -44.000  -28.000 0.0000000000
-1  4.000  -44.000  -28.000 0.0000000000
-1  3.000  -44.000  -28.000 0.0000000000
-1  2.000  -44.000  -28.000 0.0000000000
-1  1.000  -44.000  -28.000 0.0000000000
-1  0.000  -44.000  -28.000 0.0000000000
-1  -1.000  -44.000  -28.000 0.0000000000
-1  -2.000  -44.000  -28.000 0.0000000000
-1  -3.000  -44.000  -28.000 0.0000000000
-1  -4.000  -44.000  -28.000 0.0000000000
-1  -5.000  -44.000  -28.000 0.0000000000
-1  6.000  -44.000  -29.000 0.0000000000
-1  5.000  -44.000  -29.000 0.0000000000
-1  4.000  -44.000  -29.000 0.0000000000
-1  3.000  -44.000  -29.000 0.0000000000
-1  2.000  -44.000  -29.000 0.0000000000
-1  1.000  -44.000  -29.000 0.0000000000
-1  0.000  -44.000  -29.000 0.0000000000
-1  -1.000  -44.000  -29.000 0.0000000000
-1  -2.000  -44.000  -29.000 0.0000000000
-1  -3.000  -44.000  -29.000 0.0000000000
-1  -4.000  -44.000  -29.000 0.0000000000
-1  -5.000  -44.000  -29.000 0.0000000000
-1  6.000  -44.000  -30.000 0.0000000000
-1  5.000  -44.000  -30.000 0.0000000000
-1  4.000  -44.000  -30.000 0.0000000000
-1  3.000  -44.000  -30.000 0.0000000000
-1  2.000  -44.000  -30.000 0.0000000000
-1  1.000  -44.000  -30.000 0.0000000000
-1  0.000  -44.000  -30.000 0.0000000000
-1  -1.000  -44.000  -30.000 0.0000000000
-1  -2.000  -44.000  -30.000 0.0000000000
-1  -3.000  -44.000  -30.000 0.0000000000
-1  -4.000  -44.000  -30.000 0.0000000000
-1  -5.000  -44.000  -30.000 0.0000000000
-1  6.000  -44.000  -31.000 0.0000000000
-1  5.000  -44.000  -31.000 0.0000000000
-1  4.000  -44.000  -31.000 0.0000000000
-1  3.000  -44.000  -31.000 0.0000000000
-1  2.000  -44.000  -31.000 0.0000000000
-1  1.000  -44.000  -31.000 0.0000000000
-1  0.000  -44.000  -31.000 0.0000000000
-1  -1.000  -44.000  -31.000 0.0000000000
-1  -2.000  -44.000  -31.000 0.0000000000
-1  -3.000  -44.000  -31.000 0.0000000000
-1  -4.000  -44.000  -31.000 0.0000000000
-1  -5.000  -44.000  -31.000 0.0000000000
-1  7.000  -44.000  -32.000 0.0000000000
-1  6.000  -44.000  -32.000 0.0000000000
-1  5.000  -44.000  -32.000 0.0000000000
-1  4.000  -44.000  -32.000 0.0000000000
-1  3.000  -44.000  -32.000 0.0000000000
-1  2.000  -44.000  -32.000 0.0000000000
-1  1.000  -44.000  -32.000 0.0000000000
-1  0.000  -44.000  -32.000 0.0000000000
-1  -1.000  -44.000  -32.000 0.0000000000
-1  -2.000  -44.000  -32.000 0.0000000000
-1  -3.000  -44.000  -32.000 0.0000000000
-1  -4.000  -44.000  -32.000 0.0000000000
-1  -5.000  -44.000  -32.000 0.0000000000
-1  7.000  -44.000  -33.000 0.0000000000
-1  6.000  -44.000  -33.000 0.0000000000
-1  5.000  -44.000  -33.000 0.0000000000
-1  4.000  -44.000  -33.000 0.0000000000
-1  3.000  -44.000  -33.000 0.0000000000
-1  2.000  -44.000  -33.000 0.0000000000
-1  1.000  -44.000  -33.000 0.0000000000
-1  0.000  -44.000  -33.000 0.0000000000
-1  -1.000  -44.000  -33.000 0.0000000000
-1  -2.000  -44.000  -33.000 0.0000000000
-1  -3.000  -44.000  -33.000 0.0000000000
-1  -4.000  -44.000  -33.000 0.0000000000
-1  -5.000  -44.000  -33.000 0.0000000000
-1  7.000  -44.000  -34.000 0.0000000000
-1  6.000  -44.000  -34.000 0.0000000000
-1  5.000  -44.000  -34.000 0.0000000000
-1  4.000  -44.000  -34.000 0.0000000000
-1  3.000  -44.000  -34.000 0.0000000000
-1  2.000  -44.000  -34.000 0.0000000000
-1  1.000  -44.000  -34.000 0.0000000000
-1  0.000  -44.000  -34.000 0.0000000000
-1  -1.000  -44.000  -34.000 0.0000000000
-1  -2.000  -44.000  -34.000 0.0000000000
-1  -3.000  -44.000  -34.000 0.0000000000
-1  -4.000  -44.000  -34.000 0.0000000000
-1  -5.000  -44.000  -34.000 0.0000000000
-1  7.000  -44.000  -35.000 0.0000000000
-1  6.000  -44.000  -35.000 0.0000000000
-1  5.000  -44.000  -35.000 0.0000000000
-1  4.000  -44.000  -35.000 0.0000000000
-1  3.000  -44.000  -35.000 0.0000000000
-1  2.000  -44.000  -35.000 0.0000000000
-1  1.000  -44.000  -35.000 0.0000000000
-1  0.000  -44.000  -35.000 0.0000000000
-1  -1.000  -44.000  -35.000 0.0000000000
-1  -2.000  -44.000  -35.000 0.0000000000
-1  -3.000  -44.000  -35.000 0.0000000000
-1  -4.000  -44.000  -35.000 0.0000000000
-1  -5.000  -44.000  -35.000 0.0000000000
-1  6.000  -44.000  -36.000 0.0000000000
-1  5.000  -44.000  -36.000 0.0000000000
-1  4.000  -44.000  -36.000 0.0000000000
-1  3.000  -44.000  -36.000 0.0000000000
-1  2.000  -44.000  -36.000 0.0000000000
-1  1.000  -44.000  -36.000 0.0000000000
-1  0.000  -44.000  -36.000 0.0000000000
-1  -1.000  -44.000  -36.000 0.0000000000
-1  -2.000  -44.000  -36.000 0.0000000000
-1  -3.000  -44.000  -36.000 0.0000000000
-1  -4.000  -44.000  -36.000 0.0000000000
-1  4.000  -44.000  -37.000 0.0000000000
-1  3.000  -44.000  -37.000 0.0000000000
-1  2.000  -44.000  -37.000 0.0000000000
-1  1.000  -44.000  -37.000 0.0000000000
-1  0.000  -44.000  -37.000 0.0000000000
-1  -1.000  -44.000  -37.000 0.0000000000
-1  -2.000  -44.000  -37.000 0.0000000000
-1  -3.000  -44.000  -37.000 0.0000000000
-1  2.000  -44.000  -38.000 0.0000000000
-1  1.000  -44.000  -38.000 0.0000000000
-1  0.000  -44.000  -38.000 0.0000000000
-1  -1.000  -44.000  -38.000 0.0000000000
-1  2.000  -43.000  -21.000 0.0000000000
-1  3.000  -43.000  -22.000 0.0000000000
-1  2.000  -43.000  -22.000 0.0000000000
-1  1.000  -43.000  -22.000 0.0000000000
-1  0.000  -43.000  -22.000 0.0000000000
-1  -1.000  -43.000  -22.000 0.0000000000
-1  -2.000  -43.000  -22.000 0.0000000000
-1  4.000  -43.000  -23.000 0.0000000000
-1  3.000  -43.000  -23.000 0.0000000000
-1  2.000  -43.000  -23.000 0.0000000000
-1  1.000  -43.000  -23.000 0.0000000000
-1  0.000  -43.000  -23.000 0.0000000000
-1  -1.000  -43.000  -23.000 0.0000000000
-1  -2.000  -43.000  -23.000 0.0000000000
-1  4.000  -43.000  -24.000 0.0000000000
-1  3.000  -43.000  -24.000 0.0000000000
-1  2.000  -43.000  -24.000 0.0000000000
-1  1.000  -43.000  -24.000 0.0000000000
-1  0.000  -43.000  -24.000 0.0000000000
-1  -1.000  -43.000  -24.000 0.0000000000
-1  -2.000  -43.000  -24.000 0.0000000000
-1  -3.000  -43.000  -24.000 0.0000000000
-1  5.000  -43.000  -25.000 0.0000000000
-1  4.000  -43.000  -25.000 0.0000000000
-1  3.000  -43.000  -25.000 0.0000000000
-1  2.000  -43.000  -25.000 0.0000000000
-1  1.000  -43.000  -25.000 0.0000000000
-1  0.000  -43.000  -25.000 0.0000000000
-1  -1.000  -43.000  -25.000 0.0000000000
-1  -2.000  -43.000  -25.000 0.0000000000
-1  -3.000  -43.000  -25.000 0.0000000000
-1  5.000  -43.000  -26.000 0.0000000000
-1  4.000  -43.000  -26.000 0.0000000000
-1  3.000  -43.000  -26.000 0.0000000000
-1  2.000  -43.000  -26.000 0.0000000000
-1  1.000  -43.000  -26.000 0.0000000000
-1  0.000  -43.000  -26.000 0.0000000000
-1  -1.000  -43.000  -26.000 0.0000000000
-1  -2.000  -43.000  -26.000 0.0000000000
-1  -3.000  -43.000  -26.000 0.0000000000
-1  -4.000  -43.000  -26.000 0.0000000000
-1  5.000  -43.000  -27.000 0.0000000000
-1  4.000  -43.000  -27.000 0.0000000000
-1  3.000  -43.000  -27.000 0.0000000000
-1  2.000  -43.000  -27.000 0.0000000000
-1  1.000  -43.000  -27.000 0.0000000000
-1  0.000  -43.000  -27.000 0.0000000000
-1  -1.000  -43.000  -27.000 0.0000000000
-1  -2.000  -43.000  -27.000 0.0000000000
-1  -3.000  -43.000  -27.000 0.0000000000
-1  -4.000  -43.000  -27.000 0.0000000000
-1  6.000  -43.000  -28.000 0.0000000000
-1  5.000  -43.000  -28.000 0.0000000000
-1  4.000  -43.000  -28.000 0.0000000000
-1  3.000  -43.000  -28.000 0.0000000000
-1  2.000  -43.000  -28.000 0.0000000000
-1  1.000  -43.000  -28.000 0.0000000000
-1  0.000  -43.000  -28.000 0.0000000000
-1  -1.000  -43.000  -28.000 0.0000000000
-1  -2.000  -43.000  -28.000 0.0000000000
-1  -3.000  -43.000  -28.000 0.0000000000
-1  -4.000  -43.000  -28.000 0.0000000000
-1  6.000  -43.000  -29.000 0.0000000000
-1  5.000  -43.000  -29.000 0.0000000000
-1  4.000  -43.000  -29.000 0.0000000000
-1  3.000  -43.000  -29.000 0.0000000000
-1  2.000  -43.000  -29.000 0.0000000000
-1  1.000  -43.000  -29.000 0.0000000000
-1  0.000  -43.000  -29.000 0.0000000000
-1  -1.000  -43.000  -29.000 0.0000000000
-1  -2.000  -43.000  -29.000 0.0000000000
-1  -3.000  -43.000  -29.000 0.0000000000
-1  -4.000  -43.000  -29.000 0.0000000000
-1  -5.000  -43.000  -29.000 0.0000000000
-1  6.000  -43.000  -30.000 0.0000000000
-1  5.000  -43.000  -30.000 0.0000000000
-1  4.000  -43.000  -30.000 0.0000000000
-1  3.000  -43.000  -30.000 0.0000000000
-1  2.000  -43.000  -30.000 0.0000000000
-1  1.000  -43.000  -30.000 0.0000000000
-1  0.000  -43.000  -30.000 0.0000000000
-1  -1.000  -43.000  -30.000 0.0000000000
-1  -2.000  -43.000  -30.000 0.0000000000
-1  -3.000  -43.000  -30.000 0.0000000000
-1  -4.000  -43.000  -30.000 0.0000000000
-1  -5.000  -43.000  -30.000 0.0000000000
-1  6.000  -43.000  -31.000 0.0000000000
-1  5.000  -43.000  -31.000 0.0000000000
-1  4.000  -43.000  -31.000 0.0000000000
-1  3.000  -43.000  -31.000 0.0000000000
-1  2.000  -43.000  -31.000 0.0000000000
-1  1.000  -43.000  -31.000 0.0000000000
-1  0.000  -43.000  -31.000 0.0000000000
-1  -1.000  -43.000  -31.000 0.0000000000
-1  -2.000  -43.000  -31.000 0.0000000000
-1  -3.000  -43.000  -31.000 0.0000000000
-1  -4.000  -43.000  -31.000 0.0000000000
-1  -5.000  -43.000  -31.000 0.0000000000
-1  6.000  -43.000  -32.000 0.0000000000
-1  5.000  -43.000  -32.000 0.0000000000
-1  4.000  -43.000  -32.000 0.0000000000
-1  3.000  -43.000  -32.000 0.0000000000
-1  2.000  -43.000  -32.000 0.0000000000
-1  1.000  -43.000  -32.000 0.0000000000
-1  0.000  -43.000  -32.000 0.0000000000
-1  -1.000  -43.000  -32.000 0.0000000000
-1  -2.000  -43.000  -32.000 0.0000000000
-1  -3.000  -43.000  -32.000 0.0000000000
-1  -4.000  -43.000  -32.000 0.0000000000
-1  -5.000  -43.000  -32.000 0.0000000000
-1  6.000  -43.000  -33.000 0.0000000000
-1  5.000  -43.000  -33.000 0.0000000000
-1  4.000  -43.000  -33.000 0.0000000000
-1  3.000  -43.000  -33.000 0.0000000000
-1  2.000  -43.000  -33.000 0.0000000000
-1  1.000  -43.000  -33.000 0.0000000000
-1  0.000  -43.000  -33.000 0.0000000000
-1  -1.000  -43.000  -33.000 0.0000000000
-1  -2.000  -43.000  -33.000 0.0000000000
-1  -3.000  -43.000  -33.000 0.0000000000
-1  -4.000  -43.000  -33.000 0.0000000000
-1  -5.000  -43.000  -33.000 0.0000000000
-1  5.000  -43.000  -34.000 0.0000000000
-1  4.000  -43.000  -34.000 0.0000000000
-1  3.000  -43.000  -34.000 0.0000000000
-1  2.000  -43.000  -34.000 0.0000000000
-1  1.000  -43.000  -34.000 0.0000000000
-1  0.000  -43.000  -34.000 0.0000000000
-1  -1.000  -43.000  -34.000 0.0000000000
-1  -2.000  -43.000  -34.000 0.0000000000
-1  -3.000  -43.000  -34.000 0.0000000000
-1  -4.000  -43.000  -34.000 0.0000000000
-1  5.000  -43.000  -35.000 0.0000000000
-1  4.000  -43.000  -35.000 0.0000000000
-1  3.000  -43.000  -35.000 0.0000000000
-1  2.000  -43.000  -35.000 0.0000000000
-1  1.000  -43.000  -35.000 0.0000000000
-1  0.000  -43.000  -35.000 0.0000000000
-1  -1.000  -43.000  -35.000 0.0000000000
-1  -2.000  -43.000  -35.000 0.0000000000
-1  0.000  -43.000  -36.000 0.0000000000
-1  3.000  -42.000  -20.000 0.0000000000
-1  2.000  -42.000  -20.000 0.0000000000
-1  1.000  -42.000  -20.000 0.0000000000
-1  0.000  -42.000  -20.000 0.0000000000
-1  3.000  -42.000  -21.000 0.0000000000
-1  2.000  -42.000  -21.000 0.0000000000
-1  1.000  -42.000  -21.000 0.0000000000
-1  0.000  -42.000  -21.000 0.0000000000
-1  -1.000  -42.000  -21.000 0.0000000000
-1  4.000  -42.000  -22.000 0.0000000000
-1  3.000  -42.000  -22.000 0.0000000000
-1  2.000  -42.000  -22.000 0.0000000000
-1  1.000  -42.000  -22.000 0.0000000000
-1  0.000  -42.000  -22.000 0.0000000000
-1  -1.000  -42.000  -22.000 0.0000000000
-1  -2.000  -42.000  -22.000 0.0000000000
-1  4.000  -42.000  -23.000 0.0000000000
-1  3.000  -42.000  -23.000 0.0000000000
-1  2.000  -42.000  -23.000 0.0000000000
-1  1.000  -42.000  -23.000 0.0000000000
-1  0.000  -42.000  -23.000 0.0000000000
-1  -1.000  -42.000  -23.000 0.0000000000
-1  -2.000  -42.000  -23.000 0.0000000000
-1  4.000  -42.000  -24.000 0.0000000000
-1  3.000  -42.000  -24.000 0.0000000000
-1  2.000  -42.000  -24.000 0.0000000000
-1  1.000  -42.000  -24.000 0.0000000000
-1  0.000  -42.000  -24.000 0.0000000000
-1  -1.000  -42.000  -24.000 0.0000000000
-1  -2.000  -42.000  -24.000 0.0000000000
-1  -3.000  -42.000  -24.000 0.0000000000
-1  5.000  -42.000  -25.000 0.0000000000
-1  4.000  -42.000  -25.000 0.0000000000
-1  3.000  -42.000  -25.000 0.0000000000
-1  2.000  -42.000  -25.000 0.0000000000
-1  1.000  -42.000  -25.000 0.0000000000
-1  0.000  -42.000  -25.000 0.0000000000
-1  -1.000  -42.000  -25.000 0.0000000000
-1  -2.000  -42.000  -25.000 0.0000000000
-1  -3.000  -42.000  -25.000 0.0000000000
-1  5.000  -42.000  -26.000 0.0000000000
-1  4.000  -42.000  -26.000 0.0000000000
-1  3.000  -42.000  -26.000 0.0000000000
-1  2.000  -42.000  -26.000 0.0000000000
-1  1.000  -42.000  -26.000 0.0000000000
-1  0.000  -42.000  -26.000 0.0000000000
-1  -1.000  -42.000  -26.000 0.0000000000
-1  -2.000  -42.000  -26.000 0.0000000000
-1  -3.000  -42.000  -26.000 0.0000000000
-1  5.000  -42.000  -27.000 0.0000000000
-1  4.000  -42.000  -27.000 0.0000000000
-1  3.000  -42.000  -27.000 0.0000000000
-1  2.000  -42.000  -27.000 0.0000000000
-1  1.000  -42.000  -27.000 0.0000000000
-1  0.000  -42.000  -27.000 0.0000000000
-1  -1.000  -42.000  -27.000 0.0000000000
-1  -2.000  -42.000  -27.000 0.0000000000
-1  -3.000  -42.000  -27.000 0.0000000000
-1  5.000  -42.000  -28.000 0.0000000000
-1  4.000  -42.000  -28.000 0.0000000000
-1  3.000  -42.000  -28.000 0.0000000000
-1  2.000  -42.000  -28.000 0.0000000000
-1  1.000  -42.000  -28.000 0.0000000000
-1  0.000  -42.000  -28.000 0.0000000000
-1  -1.000  -42.000  -28.000 0.0000000000
-1  -2.000  -42.000  -28.000 0.0000000000
-1  -3.000  -42.000  -28.000 0.0000000000
-1  -4.000  -42.000  -28.000 0.0000000000
-1  6.000  -42.000  -29.000 0.0000000000
-1  5.000  -42.000  -29.000 0.0000000000
-1  4.000  -42.000  -29.000 0.0000000000
-1  3.000  -42.000  -29.000 0.0000000000
-1  2.000  -42.000  -29.000 0.0000000000
-1  1.000  -42.000  -29.000 0.0000000000
-1  0.000  -42.000  -29.000 0.0000000000
-1  -1.000  -42.000  -29.000 0.0000000000
-1  -2.000  -42.000  -29.000 0.0000000000
-1  -3.000  -42.000  -29.000 0.0000000000
-1  -4.000  -42.000  -29.000 0.0000000000
-1  5.000  -42.000  -30.000 0.0000000000
-1  4.000  -42.000  -30.000 0.0000000000
-1  3.000  -42.000  -30.000 0.0000000000
-1  2.000  -42.000  -30.000 0.0000000000
-1  1.000  -42.000  -30.000 0.0000000000
-1  0.000  -42.000  -30.000 0.0000000000
-1  -1.000  -42.000  -30.000 0.0000000000
-1  -2.000  -42.000  -30.000 0.0000000000
-1  -3.000  -42.000  -30.000 0.0000000000
-1  -4.000  -42.000  -30.000 0.0000000000
-1  5.000  -42.000  -31.000 0.0000000000
-1  4.000  -42.000  -31.000 0.0000000000
-1  3.000  -42.000  -31.000 0.0000000000
-1  2.000  -42.000  -31.000 0.0000000000
-1  1.000  -42.000  -31.000 0.0000000000
-1  0.000  -42.000  -31.000 0.0000000000
-1  -1.000  -42.000  -31.000 0.0000000000
-1  -2.000  -42.000  -31.000 0.0000000000
-1  -3.000  -42.000  -31.000 0.0000000000
-1  -4.000  -42.000  -31.000 0.0000000000
-1  5.000  -42.000  -32.000 0.0000000000
-1  4.000  -42.000  -32.000 0.0000000000
-1  3.000  -42.000  -32.000 0.0000000000
-1  2.000  -42.000  -32.000 0.0000000000
-1  1.000  -42.000  -32.000 0.0000000000
-1  0.000  -42.000  -32.000 0.0000000000
-1  -1.000  -42.000  -32.000 0.0000000000
-1  3.000  -41.000  -20.000 0.0000000000
-1  2.000  -41.000  -20.000 0.0000000000
-1  1.000  -41.000  -20.000 0.0000000000
-1  0.000  -41.000  -20.000 0.0000000000
-1  -1.000  -41.000  -20.000 0.0000000000
-1  -2.000  -41.000  -20.000 0.0000000000
-1  3.000  -41.000  -21.000 0.0000000000
-1  2.000  -41.000  -21.000 0.0000000000
-1  1.000  -41.000  -21.000 0.0000000000
-1  0.000  -41.000  -21.000 0.0000000000
-1  -1.000  -41.000  -21.000 0.0000000000
-1  -2.000  -41.000  -21.000 0.0000000000
-1  3.000  -41.000  -22.000 0.0000000000
-1  2.000  -41.000  -22.000 0.0000000000
-1  1.000  -41.000  -22.000 0.0000000000
-1  0.000  -41.000  -22.000 0.0000000000
-1  -1.000  -41.000  -22.000 0.0000000000
-1  -2.000  -41.000  -22.000 0.0000000000
-1  4.000  -41.000  -23.000 0.0000000000
-1  3.000  -41.000  -23.000 0.0000000000
-1  2.000  -41.000  -23.000 0.0000000000
-1  1.000  -41.000  -23.000 0.0000000000
-1  0.000  -41.000  -23.000 0.0000000000
-1  -1.000  -41.000  -23.000 0.0000000000
-1  -2.000  -41.000  -23.000 0.0000000000
-1  4.000  -41.000  -24.000 0.0000000000
-1  3.000  -41.000  -24.000 0.0000000000
-1  2.000  -41.000  -24.000 0.0000000000
-1  1.000  -41.000  -24.000 0.0000000000
-1  0.000  -41.000  -24.000 0.0000000000
-1  -1.000  -41.000  -24.000 0.0000000000
-1  -2.000  -41.000  -24.000 0.0000000000
-1  4.000  -41.000  -25.000 0.0000000000
-1  3.000  -41.000  -25.000 0.0000000000
-1  2.000  -41.000  -25.000 0.0000000000
-1  1.000  -41.000  -25.000 0.0000000000
-1  0.000  -41.000  -25.000 0.0000000000
-1  -1.000  -41.000  -25.000 0.0000000000
-1  -2.000  -41.000  -25.000 0.0000000000
-1  -3.000  -41.000  -25.000 0.0000000000
-1  4.000  -41.000  -26.000 0.0000000000
-1  3.000  -41.000  -26.000 0.0000000000
-1  2.000  -41.000  -26.000 0.0000000000
-1  1.000  -41.000  -26.000 0.0000000000
-1  0.000  -41.000  -26.000 0.0000000000
-1  -1.000  -41.000  -26.000 0.0000000000
-1  -2.000  -41.000  -26.000 0.0000000000
-1  -3.000  -41.000  -26.000 0.0000000000
-1  5.000  -41.000  -27.000 0.0000000000
-1  4.000  -41.000  -27.000 0.0000000000
-1  3.000  -41.000  -27.000 0.0000000000
-1  2.000  -41.000  -27.000 0.0000000000
-1  1.000  -41.000  -27.000 0.0000000000
-1  0.000  -41.000  -27.000 0.0000000000
-1  -1.000  -41.000  -27.000 0.0000000000
-1  -2.000  -41.000  -27.000 0.0000000000
-1  -3.000  -41.000  -27.000 0.0000000000
-1  4.000  -41.000  -28.000 0.0000000000
-1  3.000  -41.000  -28.000 0.0000000000
-1  2.000  -41.000  -28.000 0.0000000000
-1  1.000  -41.000  -28.000 0.0000000000
-1  0.000  -41.000  -28.000 0.0000000000
-1  -1.000  -41.000  -28.000 0.0000000000
-1  -2.000  -41.000  -28.000 0.0000000000
-1  4.000  -41.000  -29.000 0.0000000000
-1  3.000  -41.000  -29.000 0.0000000000
-1  2.000  -41.000  -29.000 0.0000000000
-1  1.000  -41.000  -29.000 0.0000000000
-1  0.000  -41.000  -29.000 0.0000000000
-1  -1.000  -41.000  -29.000 0.0000000000
-1  -2.000  -41.000  -29.000 0.0000000000
-1  0.000  -41.000  -30.000 0.0000000000
-1  1.000  -40.000  -18.000 0.0000000000
-1  0.000  -40.000  -18.000 0.0000000000
-1  -1.000  -40.000  -18.000 0.0000000000
-1  3.000  -40.000  -19.000 0.0000000000
-1  2.000  -40.000  -19.000 0.0000000000
-1  1.000  -40.000  -19.000 0.0000000000
-1  0.000  -40.000  -19.000 0.0000000000
-1  -1.000  -40.000  -19.000 0.0000000000
-1  -2.000  -40.000  -19.000 0.0000000000
-1  3.000  -40.000  -20.000 0.0000000000
-1  2.000  -40.000  -20.000 0.0000000000
-1  1.000  -40.000  -20.000 0.0000000000
-1  0.000  -40.000  -20.000 0.0000000000
-1  -1.000  -40.000  -20.000 0.0000000000
-1  -2.000  -40.000  -20.000 0.0000000000
-1  3.000  -40.000  -21.000 0.0000000000
-1  2.000  -40.000  -21.000 0.0000000000
-1  1.000  -40.000  -21.000 0.0000000000
-1  0.000  -40.000  -21.000 0.0000000000
-1  -1.000  -40.000  -21.000 0.0000000000
-1  -2.000  -40.000  -21.000 0.0000000000
-1  3.000  -40.000  -22.000 0.0000000000
-1  2.000  -40.000  -22.000 0.0000000000
-1  1.000  -40.000  -22.000 0.0000000000
-1  0.000  -40.000  -22.000 0.0000000000
-1  -1.000  -40.000  -22.000 0.0000000000
-1  -2.000  -40.000  -22.000 0.0000000000
-1  3.000  -40.000  -23.000 0.0000000000
-1  2.000  -40.000  -23.000 0.0000000000
-1  1.000  -40.000  -23.000 0.0000000000
-1  0.000  -40.000  -23.000 0.0000000000
-1  -1.000  -40.000  -23.000 0.0000000000
-1  -2.000  -40.000  -23.000 0.0000000000
-1  3.000  -40.000  -24.000 0.0000000000
-1  2.000  -40.000  -24.000 0.0000000000
-1  1.000  -40.000  -24.000 0.0000000000
-1  0.000  -40.000  -24.000 0.0000000000
-1  -1.000  -40.000  -24.000 0.0000000000
-1  3.000  -40.000  -25.000 0.0000000000
-1  2.000  -40.000  -25.000 0.0000000000
-1  1.000  -40.000  -25.000 0.0000000000
-1  0.000  -40.000  -25.000 0.0000000000
-1  -1.000  -40.000  -25.000 0.0000000000
-1  2.000  -40.000  -26.000 0.0000000000
-1  1.000  -40.000  -26.000 0.0000000000
-1  0.000  -40.000  -26.000 0.0000000000
-1  -1.000  -40.000  -26.000 0.0000000000
-1  2.000  -40.000  -27.000 0.0000000000
-1  1.000  -40.000  -27.000 0.0000000000
-1  0.000  -40.000  -27.000 0.0000000000
-1  2.000  -39.000  -16.000 0.0000000000
-1  1.000  -39.000  -16.000 0.0000000000
-1  0.000  -39.000  -16.000 0.0000000000
-1  -1.000  -39.000  -16.000 0.0000000000
-1  2.000  -39.000  -17.000 0.0000000000
-1  1.000  -39.000  -17.000 0.0000000000
-1  0.000  -39.000  -17.000 0.0000000000
-1  -1.000  -39.000  -17.000 0.0000000000
-1  2.000  -39.000  -18.000 0.0000000000
-1  1.000  -39.000  -18.000 0.0000000000
-1  0.000  -39.000  -18.000 0.0000000000
-1  -1.000  -39.000  -18.000 0.0000000000
-1  2.000  -39.000  -19.000 0.0000000000
-1  1.000  -39.000  -19.000 0.0000000000
-1  0.000  -39.000  -19.000 0.0000000000
-1  -1.000  -39.000  -19.000 0.0000000000
-1  2.000  -39.000  -20.000 0.0000000000
-1  1.000  -39.000  -20.000 0.0000000000
-1  0.000  -39.000  -20.000 0.0000000000
-1  -1.000  -39.000  -20.000 0.0000000000
-1  2.000  -39.000  -21.000 0.0000000000
-1  1.000  -39.000  -21.000 0.0000000000
-1  0.000  -39.000  -21.000 0.0000000000
-1  -1.000  -39.000  -21.000 0.0000000000
-1  2.000  -39.000  -22.000 0.0000000000
-1  1.000  -39.000  -22.000 0.0000000000
-1  0.000  -39.000  -22.000 0.0000000000
-1  -1.000  -39.000  -22.000 0.0000000000
-1  2.000  -39.000  -23.000 0.0000000000
-1  1.000  -39.000  -23.000 0.0000000000
-1  0.000  -39.000  -23.000 0.0000000000
-1  1.000  -39.000  -24.000 0.0000000000
-1  0.000  -39.000  -24.000 0.0000000000
-1  1.000  -38.000  -14.000 0.0000000000
-1  0.000  -38.000  -14.000 0.0000000000
-1  -1.000  -38.000  -14.000 0.0000000000
-1  2.000  -38.000  -15.000 0.0000000000
-1  1.000  -38.000  -15.000 0.0000000000
-1  0.000  -38.000  -15.000 0.0000000000
-1  -1.000  -38.000  -15.000 0.0000000000
-1  2.000  -38.000  -16.000 0.0000000000
-1  1.000  -38.000  -16.000 0.0000000000
-1  0.000  -38.000  -16.000 0.0000000000
-1  -1.000  -38.000  -16.000 0.0000000000
-1  2.000  -38.000  -17.000 0.0000000000
-1  1.000  -38.000  -17.000 0.0000000000
-1  0.000  -38.000  -17.000 0.0000000000
-1  -1.000  -38.000  -17.000 0.0000000000
-1  2.000  -38.000  -18.000 0.0000000000
-1  1.000  -38.000  -18.000 0.0000000000
-1  0.000  -38.000  -18.000 0.0000000000
-1  -1.000  -38.000  -18.000 0.0000000000
-1  2.000  -38.000  -19.000 0.0000000000
-1  1.000  -38.000  -19.000 0.0000000000
-1  0.000  -38.000  -19.000 0.0000000000
-1  1.000  -38.000  -20.000 0.0000000000
-1  0.000  -38.000  -20.000 0.0000000000
-1  1.000  -38.000  -21.000 0.0000000000
-1  0.000  -38.000  -21.000 0.0000000000
-1  1.000  -37.000  -13.000 0.0000000000
-1  0.000  -37.000  -13.000 0.0000000000
-1  2.000  -37.000  -14.000 0.0000000000
-1  1.000  -37.000  -14.000 0.0000000000
-1  0.000  -37.000  -14.000 0.0000000000
-1  2.000  -37.000  -15.000 0.0000000000
-1  1.000  -37.000  -15.000 0.0000000000
-1  0.000  -37.000  -15.000 0.0000000000
-1  2.000  -37.000  -16.000 0.0000000000
-1  1.000  -37.000  -16.000 0.0000000000
-1  0.000  -37.000  -16.000 0.0000000000
-1  1.000  -37.000  -17.000 0.0000000000
-1  0.000  -37.000  -17.000 0.0000000000
-1  1.000  -37.000  -18.000 0.0000000000
-1  0.000  -37.000  -18.000 0.0000000000
-1  0.000  -36.000  -12.000 0.0000000000
-1  1.000  -36.000  -13.000 0.0000000000
-1  0.000  -36.000  -13.000 0.0000000000
-1  1.000  -36.000  -14.000 0.0000000000
-1  0.000  -36.000  -14.000 0.0000000000
-1  1.000  -36.000  -15.000 0.0000000000
-1  0.000  -36.000  -15.000 0.0000000000
-1  1.000  -36.000  -16.000 0.0000000000
