#!ascii label /Users/megardn/Desktop/BGD_Repos/labels/lh_0085.label , from subject  vox2ras=TkReg
134
-1  -2.000  -3.000  -16.000 0.0000000000
-1  -3.000  -3.000  -16.000 0.0000000000
-1  -2.000  -2.000  -15.000 0.0000000000
-1  5.000  -2.000  -16.000 0.0000000000
-1  4.000  -2.000  -16.000 0.0000000000
-1  3.000  -2.000  -16.000 0.0000000000
-1  -2.000  -2.000  -16.000 0.0000000000
-1  -3.000  -2.000  -16.000 0.0000000000
-1  -4.000  -2.000  -16.000 0.0000000000
-1  5.000  -2.000  -17.000 0.0000000000
-1  4.000  -2.000  -17.000 0.0000000000
-1  3.000  -2.000  -17.000 0.0000000000
-1  -2.000  -2.000  -17.000 0.0000000000
-1  -3.000  -2.000  -17.000 0.0000000000
-1  -4.000  -2.000  -17.000 0.0000000000
-1  -2.000  -2.000  -18.000 0.0000000000
-1  -3.000  -2.000  -18.000 0.0000000000
-1  5.000  -1.000  -16.000 0.0000000000
-1  4.000  -1.000  -16.000 0.0000000000
-1  -2.000  -1.000  -16.000 0.0000000000
-1  -3.000  -1.000  -16.000 0.0000000000
-1  -4.000  -1.000  -16.000 0.0000000000
-1  6.000  -1.000  -17.000 0.0000000000
-1  5.000  -1.000  -17.000 0.0000000000
-1  4.000  -1.000  -17.000 0.0000000000
-1  3.000  -1.000  -17.000 0.0000000000
-1  -2.000  -1.000  -17.000 0.0000000000
-1  -3.000  -1.000  -17.000 0.0000000000
-1  -4.000  -1.000  -17.000 0.0000000000
-1  -5.000  -1.000  -17.000 0.0000000000
-1  -6.000  -1.000  -17.000 0.0000000000
-1  7.000  -1.000  -18.000 0.0000000000
-1  6.000  -1.000  -18.000 0.0000000000
-1  5.000  -1.000  -18.000 0.0000000000
-1  4.000  -1.000  -18.000 0.0000000000
-1  3.000  -1.000  -18.000 0.0000000000
-1  2.000  -1.000  -18.000 0.0000000000
-1  -1.000  -1.000  -18.000 0.0000000000
-1  -2.000  -1.000  -18.000 0.0000000000
-1  -3.000  -1.000  -18.000 0.0000000000
-1  -4.000  -1.000  -18.000 0.0000000000
-1  -5.000  -1.000  -18.000 0.0000000000
-1  -6.000  -1.000  -18.000 0.0000000000
-1  -7.000  -1.000  -18.000 0.0000000000
-1  5.000  -1.000  -19.000 0.0000000000
-1  4.000  -1.000  -19.000 0.0000000000
-1  3.000  -1.000  -19.000 0.0000000000
-1  2.000  -1.000  -19.000 0.0000000000
-1  1.000  -1.000  -19.000 0.0000000000
-1  0.000  -1.000  -19.000 0.0000000000
-1  -1.000  -1.000  -19.000 0.0000000000
-1  -3.000  -1.000  -19.000 0.0000000000
-1  5.000  0.000  -16.000 0.0000000000
-1  4.000  0.000  -16.000 0.0000000000
-1  -3.000  0.000  -16.000 0.0000000000
-1  6.000  0.000  -17.000 0.0000000000
-1  5.000  0.000  -17.000 0.0000000000
-1  4.000  0.000  -17.000 0.0000000000
-1  3.000  0.000  -17.000 0.0000000000
-1  -3.000  0.000  -17.000 0.0000000000
-1  -4.000  0.000  -17.000 0.0000000000
-1  7.000  0.000  -18.000 0.0000000000
-1  6.000  0.000  -18.000 0.0000000000
-1  5.000  0.000  -18.000 0.0000000000
-1  4.000  0.000  -18.000 0.0000000000
-1  3.000  0.000  -18.000 0.0000000000
-1  2.000  0.000  -18.000 0.0000000000
-1  1.000  0.000  -18.000 0.0000000000
-1  0.000  0.000  -18.000 0.0000000000
-1  -1.000  0.000  -18.000 0.0000000000
-1  -2.000  0.000  -18.000 0.0000000000
-1  -3.000  0.000  -18.000 0.0000000000
-1  -4.000  0.000  -18.000 0.0000000000
-1  -5.000  0.000  -18.000 0.0000000000
-1  -6.000  0.000  -18.000 0.0000000000
-1  -7.000  0.000  -18.000 0.0000000000
-1  6.000  0.000  -19.000 0.0000000000
-1  5.000  0.000  -19.000 0.0000000000
-1  4.000  0.000  -19.000 0.0000000000
-1  3.000  0.000  -19.000 0.0000000000
-1  2.000  0.000  -19.000 0.0000000000
-1  1.000  0.000  -19.000 0.0000000000
-1  0.000  0.000  -19.000 0.0000000000
-1  -1.000  0.000  -19.000 0.0000000000
-1  -2.000  0.000  -19.000 0.0000000000
-1  -3.000  0.000  -19.000 0.0000000000
-1  -4.000  0.000  -19.000 0.0000000000
-1  -5.000  0.000  -19.000 0.0000000000
-1  -6.000  0.000  -19.000 0.0000000000
-1  5.000  0.000  -20.000 0.0000000000
-1  4.000  0.000  -20.000 0.0000000000
-1  3.000  0.000  -20.000 0.0000000000
-1  2.000  0.000  -20.000 0.0000000000
-1  1.000  0.000  -20.000 0.0000000000
-1  -2.000  0.000  -20.000 0.0000000000
-1  -3.000  0.000  -20.000 0.0000000000
-1  -4.000  0.000  -20.000 0.0000000000
-1  -5.000  0.000  -20.000 0.0000000000
-1  -3.000  1.000  -18.000 0.0000000000
-1  -4.000  1.000  -18.000 0.0000000000
-1  -5.000  1.000  -18.000 0.0000000000
-1  5.000  1.000  -19.000 0.0000000000
-1  4.000  1.000  -19.000 0.0000000000
-1  -4.000  1.000  -19.000 0.0000000000
-1  -5.000  1.000  -19.000 0.0000000000
-1  -6.000  1.000  -19.000 0.0000000000
-1  5.000  1.000  -21.000 0.0000000000
-1  4.000  1.000  -21.000 0.0000000000
-1  3.000  1.000  -21.000 0.0000000000
-1  1.000  1.000  -21.000 0.0000000000
-1  0.000  1.000  -21.000 0.0000000000
-1  -2.000  1.000  -21.000 0.0000000000
-1  -3.000  1.000  -21.000 0.0000000000
-1  -5.000  1.000  -21.000 0.0000000000
-1  5.000  2.000  -21.000 0.0000000000
-1  4.000  2.000  -21.000 0.0000000000
-1  3.000  2.000  -21.000 0.0000000000
-1  2.000  2.000  -21.000 0.0000000000
-1  1.000  2.000  -21.000 0.0000000000
-1  0.000  2.000  -21.000 0.0000000000
-1  -1.000  2.000  -21.000 0.0000000000
-1  -2.000  2.000  -21.000 0.0000000000
-1  4.000  2.000  -22.000 0.0000000000
-1  3.000  2.000  -22.000 0.0000000000
-1  2.000  2.000  -22.000 0.0000000000
-1  1.000  2.000  -22.000 0.0000000000
-1  0.000  2.000  -22.000 0.0000000000
-1  -1.000  2.000  -22.000 0.0000000000
-1  -2.000  2.000  -22.000 0.0000000000
-1  -3.000  2.000  -22.000 0.0000000000
-1  -4.000  2.000  -22.000 0.0000000000
-1  5.000  3.000  -21.000 0.0000000000
-1  4.000  3.000  -22.000 0.0000000000
-1  3.000  3.000  -22.000 0.0000000000
