#!ascii label /Users/megardn/Desktop/BGD_Repos/labels/lh_0254.label , from subject  vox2ras=TkReg
578
-1  1.000  4.000  22.000 0.0000000000
-1  0.000  4.000  22.000 0.0000000000
-1  -1.000  4.000  22.000 0.0000000000
-1  1.000  4.000  21.000 0.0000000000
-1  0.000  4.000  21.000 0.0000000000
-1  0.000  4.000  20.000 0.0000000000
-1  2.000  5.000  25.000 0.0000000000
-1  1.000  5.000  25.000 0.0000000000
-1  -2.000  5.000  25.000 0.0000000000
-1  2.000  5.000  24.000 0.0000000000
-1  1.000  5.000  24.000 0.0000000000
-1  0.000  5.000  24.000 0.0000000000
-1  -1.000  5.000  24.000 0.0000000000
-1  -2.000  5.000  24.000 0.0000000000
-1  2.000  5.000  23.000 0.0000000000
-1  1.000  5.000  23.000 0.0000000000
-1  0.000  5.000  23.000 0.0000000000
-1  -1.000  5.000  23.000 0.0000000000
-1  -2.000  5.000  23.000 0.0000000000
-1  2.000  5.000  22.000 0.0000000000
-1  1.000  5.000  22.000 0.0000000000
-1  0.000  5.000  22.000 0.0000000000
-1  -1.000  5.000  22.000 0.0000000000
-1  1.000  5.000  21.000 0.0000000000
-1  0.000  5.000  21.000 0.0000000000
-1  -1.000  5.000  21.000 0.0000000000
-1  0.000  5.000  20.000 0.0000000000
-1  2.000  6.000  26.000 0.0000000000
-1  1.000  6.000  26.000 0.0000000000
-1  0.000  6.000  26.000 0.0000000000
-1  -1.000  6.000  26.000 0.0000000000
-1  -2.000  6.000  26.000 0.0000000000
-1  2.000  6.000  25.000 0.0000000000
-1  1.000  6.000  25.000 0.0000000000
-1  0.000  6.000  25.000 0.0000000000
-1  -1.000  6.000  25.000 0.0000000000
-1  -2.000  6.000  25.000 0.0000000000
-1  2.000  6.000  24.000 0.0000000000
-1  1.000  6.000  24.000 0.0000000000
-1  0.000  6.000  24.000 0.0000000000
-1  -1.000  6.000  24.000 0.0000000000
-1  -2.000  6.000  24.000 0.0000000000
-1  2.000  6.000  23.000 0.0000000000
-1  1.000  6.000  23.000 0.0000000000
-1  0.000  6.000  23.000 0.0000000000
-1  -1.000  6.000  23.000 0.0000000000
-1  -2.000  6.000  23.000 0.0000000000
-1  2.000  6.000  22.000 0.0000000000
-1  1.000  6.000  22.000 0.0000000000
-1  0.000  6.000  22.000 0.0000000000
-1  -1.000  6.000  22.000 0.0000000000
-1  -2.000  6.000  22.000 0.0000000000
-1  1.000  6.000  21.000 0.0000000000
-1  0.000  6.000  21.000 0.0000000000
-1  -1.000  6.000  21.000 0.0000000000
-1  -2.000  6.000  21.000 0.0000000000
-1  1.000  6.000  20.000 0.0000000000
-1  0.000  6.000  20.000 0.0000000000
-1  -1.000  6.000  20.000 0.0000000000
-1  0.000  6.000  19.000 0.0000000000
-1  2.000  7.000  26.000 0.0000000000
-1  1.000  7.000  26.000 0.0000000000
-1  0.000  7.000  26.000 0.0000000000
-1  -1.000  7.000  26.000 0.0000000000
-1  -2.000  7.000  26.000 0.0000000000
-1  2.000  7.000  25.000 0.0000000000
-1  1.000  7.000  25.000 0.0000000000
-1  0.000  7.000  25.000 0.0000000000
-1  -1.000  7.000  25.000 0.0000000000
-1  -2.000  7.000  25.000 0.0000000000
-1  2.000  7.000  24.000 0.0000000000
-1  1.000  7.000  24.000 0.0000000000
-1  0.000  7.000  24.000 0.0000000000
-1  -1.000  7.000  24.000 0.0000000000
-1  -2.000  7.000  24.000 0.0000000000
-1  2.000  7.000  23.000 0.0000000000
-1  1.000  7.000  23.000 0.0000000000
-1  0.000  7.000  23.000 0.0000000000
-1  -1.000  7.000  23.000 0.0000000000
-1  -2.000  7.000  23.000 0.0000000000
-1  2.000  7.000  22.000 0.0000000000
-1  1.000  7.000  22.000 0.0000000000
-1  0.000  7.000  22.000 0.0000000000
-1  -1.000  7.000  22.000 0.0000000000
-1  -2.000  7.000  22.000 0.0000000000
-1  2.000  7.000  21.000 0.0000000000
-1  1.000  7.000  21.000 0.0000000000
-1  0.000  7.000  21.000 0.0000000000
-1  -1.000  7.000  21.000 0.0000000000
-1  -2.000  7.000  21.000 0.0000000000
-1  1.000  7.000  20.000 0.0000000000
-1  0.000  7.000  20.000 0.0000000000
-1  -1.000  7.000  20.000 0.0000000000
-1  0.000  7.000  19.000 0.0000000000
-1  0.000  7.000  18.000 0.0000000000
-1  -2.000  8.000  27.000 0.0000000000
-1  2.000  8.000  26.000 0.0000000000
-1  1.000  8.000  26.000 0.0000000000
-1  0.000  8.000  26.000 0.0000000000
-1  -1.000  8.000  26.000 0.0000000000
-1  -2.000  8.000  26.000 0.0000000000
-1  2.000  8.000  25.000 0.0000000000
-1  1.000  8.000  25.000 0.0000000000
-1  0.000  8.000  25.000 0.0000000000
-1  -1.000  8.000  25.000 0.0000000000
-1  -2.000  8.000  25.000 0.0000000000
-1  2.000  8.000  24.000 0.0000000000
-1  1.000  8.000  24.000 0.0000000000
-1  0.000  8.000  24.000 0.0000000000
-1  -1.000  8.000  24.000 0.0000000000
-1  -2.000  8.000  24.000 0.0000000000
-1  2.000  8.000  23.000 0.0000000000
-1  1.000  8.000  23.000 0.0000000000
-1  0.000  8.000  23.000 0.0000000000
-1  -1.000  8.000  23.000 0.0000000000
-1  -2.000  8.000  23.000 0.0000000000
-1  2.000  8.000  22.000 0.0000000000
-1  1.000  8.000  22.000 0.0000000000
-1  0.000  8.000  22.000 0.0000000000
-1  -1.000  8.000  22.000 0.0000000000
-1  -2.000  8.000  22.000 0.0000000000
-1  2.000  8.000  21.000 0.0000000000
-1  1.000  8.000  21.000 0.0000000000
-1  0.000  8.000  21.000 0.0000000000
-1  -1.000  8.000  21.000 0.0000000000
-1  -2.000  8.000  21.000 0.0000000000
-1  2.000  8.000  20.000 0.0000000000
-1  1.000  8.000  20.000 0.0000000000
-1  0.000  8.000  20.000 0.0000000000
-1  -1.000  8.000  20.000 0.0000000000
-1  1.000  8.000  19.000 0.0000000000
-1  0.000  8.000  19.000 0.0000000000
-1  -1.000  8.000  19.000 0.0000000000
-1  2.000  9.000  26.000 0.0000000000
-1  1.000  9.000  26.000 0.0000000000
-1  -1.000  9.000  26.000 0.0000000000
-1  -2.000  9.000  26.000 0.0000000000
-1  2.000  9.000  25.000 0.0000000000
-1  1.000  9.000  25.000 0.0000000000
-1  0.000  9.000  25.000 0.0000000000
-1  -1.000  9.000  25.000 0.0000000000
-1  -2.000  9.000  25.000 0.0000000000
-1  2.000  9.000  24.000 0.0000000000
-1  1.000  9.000  24.000 0.0000000000
-1  0.000  9.000  24.000 0.0000000000
-1  -1.000  9.000  24.000 0.0000000000
-1  -2.000  9.000  24.000 0.0000000000
-1  2.000  9.000  23.000 0.0000000000
-1  1.000  9.000  23.000 0.0000000000
-1  0.000  9.000  23.000 0.0000000000
-1  -1.000  9.000  23.000 0.0000000000
-1  -2.000  9.000  23.000 0.0000000000
-1  2.000  9.000  22.000 0.0000000000
-1  1.000  9.000  22.000 0.0000000000
-1  0.000  9.000  22.000 0.0000000000
-1  -1.000  9.000  22.000 0.0000000000
-1  -2.000  9.000  22.000 0.0000000000
-1  2.000  9.000  21.000 0.0000000000
-1  1.000  9.000  21.000 0.0000000000
-1  0.000  9.000  21.000 0.0000000000
-1  -1.000  9.000  21.000 0.0000000000
-1  -2.000  9.000  21.000 0.0000000000
-1  2.000  9.000  20.000 0.0000000000
-1  1.000  9.000  20.000 0.0000000000
-1  0.000  9.000  20.000 0.0000000000
-1  -1.000  9.000  20.000 0.0000000000
-1  -2.000  9.000  20.000 0.0000000000
-1  1.000  9.000  19.000 0.0000000000
-1  0.000  9.000  19.000 0.0000000000
-1  -1.000  9.000  19.000 0.0000000000
-1  1.000  9.000  18.000 0.0000000000
-1  0.000  9.000  18.000 0.0000000000
-1  -1.000  9.000  18.000 0.0000000000
-1  0.000  9.000  17.000 0.0000000000
-1  2.000  10.000  26.000 0.0000000000
-1  -2.000  10.000  26.000 0.0000000000
-1  2.000  10.000  25.000 0.0000000000
-1  1.000  10.000  25.000 0.0000000000
-1  0.000  10.000  25.000 0.0000000000
-1  -1.000  10.000  25.000 0.0000000000
-1  -2.000  10.000  25.000 0.0000000000
-1  2.000  10.000  24.000 0.0000000000
-1  1.000  10.000  24.000 0.0000000000
-1  0.000  10.000  24.000 0.0000000000
-1  -1.000  10.000  24.000 0.0000000000
-1  -2.000  10.000  24.000 0.0000000000
-1  2.000  10.000  23.000 0.0000000000
-1  1.000  10.000  23.000 0.0000000000
-1  0.000  10.000  23.000 0.0000000000
-1  -1.000  10.000  23.000 0.0000000000
-1  -2.000  10.000  23.000 0.0000000000
-1  2.000  10.000  22.000 0.0000000000
-1  1.000  10.000  22.000 0.0000000000
-1  0.000  10.000  22.000 0.0000000000
-1  -1.000  10.000  22.000 0.0000000000
-1  -2.000  10.000  22.000 0.0000000000
-1  2.000  10.000  21.000 0.0000000000
-1  1.000  10.000  21.000 0.0000000000
-1  0.000  10.000  21.000 0.0000000000
-1  -1.000  10.000  21.000 0.0000000000
-1  -2.000  10.000  21.000 0.0000000000
-1  2.000  10.000  20.000 0.0000000000
-1  1.000  10.000  20.000 0.0000000000
-1  0.000  10.000  20.000 0.0000000000
-1  -1.000  10.000  20.000 0.0000000000
-1  -2.000  10.000  20.000 0.0000000000
-1  2.000  10.000  19.000 0.0000000000
-1  1.000  10.000  19.000 0.0000000000
-1  0.000  10.000  19.000 0.0000000000
-1  -1.000  10.000  19.000 0.0000000000
-1  1.000  10.000  18.000 0.0000000000
-1  0.000  10.000  18.000 0.0000000000
-1  -1.000  10.000  18.000 0.0000000000
-1  0.000  10.000  17.000 0.0000000000
-1  2.000  11.000  25.000 0.0000000000
-1  1.000  11.000  25.000 0.0000000000
-1  0.000  11.000  25.000 0.0000000000
-1  -1.000  11.000  25.000 0.0000000000
-1  -2.000  11.000  25.000 0.0000000000
-1  2.000  11.000  24.000 0.0000000000
-1  1.000  11.000  24.000 0.0000000000
-1  0.000  11.000  24.000 0.0000000000
-1  -1.000  11.000  24.000 0.0000000000
-1  -2.000  11.000  24.000 0.0000000000
-1  2.000  11.000  23.000 0.0000000000
-1  1.000  11.000  23.000 0.0000000000
-1  0.000  11.000  23.000 0.0000000000
-1  -1.000  11.000  23.000 0.0000000000
-1  -2.000  11.000  23.000 0.0000000000
-1  2.000  11.000  22.000 0.0000000000
-1  1.000  11.000  22.000 0.0000000000
-1  0.000  11.000  22.000 0.0000000000
-1  -1.000  11.000  22.000 0.0000000000
-1  -2.000  11.000  22.000 0.0000000000
-1  2.000  11.000  21.000 0.0000000000
-1  1.000  11.000  21.000 0.0000000000
-1  0.000  11.000  21.000 0.0000000000
-1  -1.000  11.000  21.000 0.0000000000
-1  -2.000  11.000  21.000 0.0000000000
-1  2.000  11.000  20.000 0.0000000000
-1  1.000  11.000  20.000 0.0000000000
-1  0.000  11.000  20.000 0.0000000000
-1  -1.000  11.000  20.000 0.0000000000
-1  -2.000  11.000  20.000 0.0000000000
-1  2.000  11.000  19.000 0.0000000000
-1  1.000  11.000  19.000 0.0000000000
-1  0.000  11.000  19.000 0.0000000000
-1  -1.000  11.000  19.000 0.0000000000
-1  2.000  11.000  18.000 0.0000000000
-1  1.000  11.000  18.000 0.0000000000
-1  0.000  11.000  18.000 0.0000000000
-1  -1.000  11.000  18.000 0.0000000000
-1  1.000  11.000  17.000 0.0000000000
-1  0.000  11.000  17.000 0.0000000000
-1  0.000  11.000  16.000 0.0000000000
-1  2.000  12.000  25.000 0.0000000000
-1  -2.000  12.000  25.000 0.0000000000
-1  2.000  12.000  24.000 0.0000000000
-1  1.000  12.000  24.000 0.0000000000
-1  0.000  12.000  24.000 0.0000000000
-1  -1.000  12.000  24.000 0.0000000000
-1  -2.000  12.000  24.000 0.0000000000
-1  2.000  12.000  23.000 0.0000000000
-1  1.000  12.000  23.000 0.0000000000
-1  0.000  12.000  23.000 0.0000000000
-1  -1.000  12.000  23.000 0.0000000000
-1  -2.000  12.000  23.000 0.0000000000
-1  2.000  12.000  22.000 0.0000000000
-1  1.000  12.000  22.000 0.0000000000
-1  0.000  12.000  22.000 0.0000000000
-1  -1.000  12.000  22.000 0.0000000000
-1  -2.000  12.000  22.000 0.0000000000
-1  2.000  12.000  21.000 0.0000000000
-1  1.000  12.000  21.000 0.0000000000
-1  0.000  12.000  21.000 0.0000000000
-1  -1.000  12.000  21.000 0.0000000000
-1  -2.000  12.000  21.000 0.0000000000
-1  2.000  12.000  20.000 0.0000000000
-1  1.000  12.000  20.000 0.0000000000
-1  0.000  12.000  20.000 0.0000000000
-1  -1.000  12.000  20.000 0.0000000000
-1  -2.000  12.000  20.000 0.0000000000
-1  2.000  12.000  19.000 0.0000000000
-1  1.000  12.000  19.000 0.0000000000
-1  0.000  12.000  19.000 0.0000000000
-1  -1.000  12.000  19.000 0.0000000000
-1  -2.000  12.000  19.000 0.0000000000
-1  2.000  12.000  18.000 0.0000000000
-1  1.000  12.000  18.000 0.0000000000
-1  0.000  12.000  18.000 0.0000000000
-1  -1.000  12.000  18.000 0.0000000000
-1  1.000  12.000  17.000 0.0000000000
-1  0.000  12.000  17.000 0.0000000000
-1  -1.000  12.000  17.000 0.0000000000
-1  0.000  12.000  16.000 0.0000000000
-1  0.000  12.000  15.000 0.0000000000
-1  2.000  13.000  24.000 0.0000000000
-1  1.000  13.000  24.000 0.0000000000
-1  0.000  13.000  24.000 0.0000000000
-1  -1.000  13.000  24.000 0.0000000000
-1  -2.000  13.000  24.000 0.0000000000
-1  2.000  13.000  23.000 0.0000000000
-1  1.000  13.000  23.000 0.0000000000
-1  0.000  13.000  23.000 0.0000000000
-1  -1.000  13.000  23.000 0.0000000000
-1  -2.000  13.000  23.000 0.0000000000
-1  2.000  13.000  22.000 0.0000000000
-1  1.000  13.000  22.000 0.0000000000
-1  0.000  13.000  22.000 0.0000000000
-1  -1.000  13.000  22.000 0.0000000000
-1  -2.000  13.000  22.000 0.0000000000
-1  2.000  13.000  21.000 0.0000000000
-1  1.000  13.000  21.000 0.0000000000
-1  0.000  13.000  21.000 0.0000000000
-1  -1.000  13.000  21.000 0.0000000000
-1  -2.000  13.000  21.000 0.0000000000
-1  2.000  13.000  20.000 0.0000000000
-1  1.000  13.000  20.000 0.0000000000
-1  0.000  13.000  20.000 0.0000000000
-1  -1.000  13.000  20.000 0.0000000000
-1  -2.000  13.000  20.000 0.0000000000
-1  2.000  13.000  19.000 0.0000000000
-1  1.000  13.000  19.000 0.0000000000
-1  0.000  13.000  19.000 0.0000000000
-1  -1.000  13.000  19.000 0.0000000000
-1  -2.000  13.000  19.000 0.0000000000
-1  2.000  13.000  18.000 0.0000000000
-1  1.000  13.000  18.000 0.0000000000
-1  0.000  13.000  18.000 0.0000000000
-1  -1.000  13.000  18.000 0.0000000000
-1  -2.000  13.000  18.000 0.0000000000
-1  2.000  13.000  17.000 0.0000000000
-1  1.000  13.000  17.000 0.0000000000
-1  0.000  13.000  17.000 0.0000000000
-1  -1.000  13.000  17.000 0.0000000000
-1  1.000  13.000  16.000 0.0000000000
-1  0.000  13.000  16.000 0.0000000000
-1  -1.000  13.000  16.000 0.0000000000
-1  0.000  13.000  15.000 0.0000000000
-1  -2.000  14.000  24.000 0.0000000000
-1  2.000  14.000  23.000 0.0000000000
-1  1.000  14.000  23.000 0.0000000000
-1  0.000  14.000  23.000 0.0000000000
-1  -1.000  14.000  23.000 0.0000000000
-1  -2.000  14.000  23.000 0.0000000000
-1  2.000  14.000  22.000 0.0000000000
-1  1.000  14.000  22.000 0.0000000000
-1  0.000  14.000  22.000 0.0000000000
-1  -1.000  14.000  22.000 0.0000000000
-1  -2.000  14.000  22.000 0.0000000000
-1  2.000  14.000  21.000 0.0000000000
-1  1.000  14.000  21.000 0.0000000000
-1  0.000  14.000  21.000 0.0000000000
-1  -1.000  14.000  21.000 0.0000000000
-1  -2.000  14.000  21.000 0.0000000000
-1  2.000  14.000  20.000 0.0000000000
-1  1.000  14.000  20.000 0.0000000000
-1  0.000  14.000  20.000 0.0000000000
-1  -1.000  14.000  20.000 0.0000000000
-1  -2.000  14.000  20.000 0.0000000000
-1  2.000  14.000  19.000 0.0000000000
-1  1.000  14.000  19.000 0.0000000000
-1  0.000  14.000  19.000 0.0000000000
-1  -1.000  14.000  19.000 0.0000000000
-1  -2.000  14.000  19.000 0.0000000000
-1  2.000  14.000  18.000 0.0000000000
-1  1.000  14.000  18.000 0.0000000000
-1  0.000  14.000  18.000 0.0000000000
-1  -1.000  14.000  18.000 0.0000000000
-1  -2.000  14.000  18.000 0.0000000000
-1  2.000  14.000  17.000 0.0000000000
-1  1.000  14.000  17.000 0.0000000000
-1  0.000  14.000  17.000 0.0000000000
-1  -1.000  14.000  17.000 0.0000000000
-1  -2.000  14.000  17.000 0.0000000000
-1  1.000  14.000  16.000 0.0000000000
-1  0.000  14.000  16.000 0.0000000000
-1  -1.000  14.000  16.000 0.0000000000
-1  1.000  14.000  15.000 0.0000000000
-1  0.000  14.000  15.000 0.0000000000
-1  -1.000  14.000  15.000 0.0000000000
-1  2.000  15.000  23.000 0.0000000000
-1  1.000  15.000  23.000 0.0000000000
-1  -2.000  15.000  23.000 0.0000000000
-1  2.000  15.000  22.000 0.0000000000
-1  1.000  15.000  22.000 0.0000000000
-1  0.000  15.000  22.000 0.0000000000
-1  -1.000  15.000  22.000 0.0000000000
-1  -2.000  15.000  22.000 0.0000000000
-1  2.000  15.000  21.000 0.0000000000
-1  1.000  15.000  21.000 0.0000000000
-1  0.000  15.000  21.000 0.0000000000
-1  -1.000  15.000  21.000 0.0000000000
-1  -2.000  15.000  21.000 0.0000000000
-1  2.000  15.000  20.000 0.0000000000
-1  1.000  15.000  20.000 0.0000000000
-1  0.000  15.000  20.000 0.0000000000
-1  -1.000  15.000  20.000 0.0000000000
-1  -2.000  15.000  20.000 0.0000000000
-1  2.000  15.000  19.000 0.0000000000
-1  1.000  15.000  19.000 0.0000000000
-1  0.000  15.000  19.000 0.0000000000
-1  -1.000  15.000  19.000 0.0000000000
-1  -2.000  15.000  19.000 0.0000000000
-1  2.000  15.000  18.000 0.0000000000
-1  1.000  15.000  18.000 0.0000000000
-1  0.000  15.000  18.000 0.0000000000
-1  -1.000  15.000  18.000 0.0000000000
-1  -2.000  15.000  18.000 0.0000000000
-1  2.000  15.000  17.000 0.0000000000
-1  1.000  15.000  17.000 0.0000000000
-1  0.000  15.000  17.000 0.0000000000
-1  -1.000  15.000  17.000 0.0000000000
-1  -2.000  15.000  17.000 0.0000000000
-1  2.000  15.000  16.000 0.0000000000
-1  1.000  15.000  16.000 0.0000000000
-1  0.000  15.000  16.000 0.0000000000
-1  -1.000  15.000  16.000 0.0000000000
-1  -2.000  15.000  16.000 0.0000000000
-1  1.000  15.000  15.000 0.0000000000
-1  0.000  15.000  15.000 0.0000000000
-1  -1.000  15.000  15.000 0.0000000000
-1  1.000  15.000  14.000 0.0000000000
-1  0.000  15.000  14.000 0.0000000000
-1  2.000  16.000  22.000 0.0000000000
-1  1.000  16.000  22.000 0.0000000000
-1  0.000  16.000  22.000 0.0000000000
-1  -1.000  16.000  22.000 0.0000000000
-1  -2.000  16.000  22.000 0.0000000000
-1  2.000  16.000  21.000 0.0000000000
-1  1.000  16.000  21.000 0.0000000000
-1  0.000  16.000  21.000 0.0000000000
-1  -1.000  16.000  21.000 0.0000000000
-1  -2.000  16.000  21.000 0.0000000000
-1  2.000  16.000  20.000 0.0000000000
-1  1.000  16.000  20.000 0.0000000000
-1  0.000  16.000  20.000 0.0000000000
-1  -1.000  16.000  20.000 0.0000000000
-1  -2.000  16.000  20.000 0.0000000000
-1  2.000  16.000  19.000 0.0000000000
-1  1.000  16.000  19.000 0.0000000000
-1  0.000  16.000  19.000 0.0000000000
-1  -1.000  16.000  19.000 0.0000000000
-1  -2.000  16.000  19.000 0.0000000000
-1  2.000  16.000  18.000 0.0000000000
-1  1.000  16.000  18.000 0.0000000000
-1  0.000  16.000  18.000 0.0000000000
-1  -1.000  16.000  18.000 0.0000000000
-1  -2.000  16.000  18.000 0.0000000000
-1  2.000  16.000  17.000 0.0000000000
-1  1.000  16.000  17.000 0.0000000000
-1  0.000  16.000  17.000 0.0000000000
-1  -1.000  16.000  17.000 0.0000000000
-1  -2.000  16.000  17.000 0.0000000000
-1  2.000  16.000  16.000 0.0000000000
-1  1.000  16.000  16.000 0.0000000000
-1  0.000  16.000  16.000 0.0000000000
-1  -1.000  16.000  16.000 0.0000000000
-1  -2.000  16.000  16.000 0.0000000000
-1  2.000  16.000  15.000 0.0000000000
-1  1.000  16.000  15.000 0.0000000000
-1  0.000  16.000  15.000 0.0000000000
-1  -1.000  16.000  15.000 0.0000000000
-1  1.000  16.000  14.000 0.0000000000
-1  0.000  16.000  14.000 0.0000000000
-1  -1.000  16.000  14.000 0.0000000000
-1  0.000  16.000  13.000 0.0000000000
-1  2.000  17.000  21.000 0.0000000000
-1  1.000  17.000  21.000 0.0000000000
-1  0.000  17.000  21.000 0.0000000000
-1  -2.000  17.000  21.000 0.0000000000
-1  2.000  17.000  20.000 0.0000000000
-1  1.000  17.000  20.000 0.0000000000
-1  0.000  17.000  20.000 0.0000000000
-1  -1.000  17.000  20.000 0.0000000000
-1  -2.000  17.000  20.000 0.0000000000
-1  2.000  17.000  19.000 0.0000000000
-1  1.000  17.000  19.000 0.0000000000
-1  0.000  17.000  19.000 0.0000000000
-1  -1.000  17.000  19.000 0.0000000000
-1  -2.000  17.000  19.000 0.0000000000
-1  2.000  17.000  18.000 0.0000000000
-1  1.000  17.000  18.000 0.0000000000
-1  0.000  17.000  18.000 0.0000000000
-1  -1.000  17.000  18.000 0.0000000000
-1  -2.000  17.000  18.000 0.0000000000
-1  2.000  17.000  17.000 0.0000000000
-1  1.000  17.000  17.000 0.0000000000
-1  0.000  17.000  17.000 0.0000000000
-1  -1.000  17.000  17.000 0.0000000000
-1  -2.000  17.000  17.000 0.0000000000
-1  2.000  17.000  16.000 0.0000000000
-1  1.000  17.000  16.000 0.0000000000
-1  0.000  17.000  16.000 0.0000000000
-1  -1.000  17.000  16.000 0.0000000000
-1  -2.000  17.000  16.000 0.0000000000
-1  2.000  17.000  15.000 0.0000000000
-1  1.000  17.000  15.000 0.0000000000
-1  0.000  17.000  15.000 0.0000000000
-1  -1.000  17.000  15.000 0.0000000000
-1  -2.000  17.000  15.000 0.0000000000
-1  2.000  17.000  14.000 0.0000000000
-1  1.000  17.000  14.000 0.0000000000
-1  0.000  17.000  14.000 0.0000000000
-1  -1.000  17.000  14.000 0.0000000000
-1  1.000  17.000  13.000 0.0000000000
-1  0.000  17.000  13.000 0.0000000000
-1  0.000  17.000  12.000 0.0000000000
-1  2.000  18.000  20.000 0.0000000000
-1  1.000  18.000  20.000 0.0000000000
-1  0.000  18.000  20.000 0.0000000000
-1  2.000  18.000  19.000 0.0000000000
-1  1.000  18.000  19.000 0.0000000000
-1  0.000  18.000  19.000 0.0000000000
-1  -1.000  18.000  19.000 0.0000000000
-1  -2.000  18.000  19.000 0.0000000000
-1  2.000  18.000  18.000 0.0000000000
-1  1.000  18.000  18.000 0.0000000000
-1  0.000  18.000  18.000 0.0000000000
-1  -1.000  18.000  18.000 0.0000000000
-1  -2.000  18.000  18.000 0.0000000000
-1  2.000  18.000  17.000 0.0000000000
-1  1.000  18.000  17.000 0.0000000000
-1  0.000  18.000  17.000 0.0000000000
-1  -1.000  18.000  17.000 0.0000000000
-1  -2.000  18.000  17.000 0.0000000000
-1  2.000  18.000  16.000 0.0000000000
-1  1.000  18.000  16.000 0.0000000000
-1  0.000  18.000  16.000 0.0000000000
-1  -1.000  18.000  16.000 0.0000000000
-1  -2.000  18.000  16.000 0.0000000000
-1  2.000  18.000  15.000 0.0000000000
-1  1.000  18.000  15.000 0.0000000000
-1  0.000  18.000  15.000 0.0000000000
-1  -1.000  18.000  15.000 0.0000000000
-1  -2.000  18.000  15.000 0.0000000000
-1  2.000  18.000  14.000 0.0000000000
-1  1.000  18.000  14.000 0.0000000000
-1  0.000  18.000  14.000 0.0000000000
-1  -1.000  18.000  14.000 0.0000000000
-1  0.000  18.000  13.000 0.0000000000
-1  0.000  18.000  12.000 0.0000000000
-1  2.000  19.000  19.000 0.0000000000
-1  1.000  19.000  19.000 0.0000000000
-1  2.000  19.000  18.000 0.0000000000
-1  1.000  19.000  18.000 0.0000000000
-1  0.000  19.000  18.000 0.0000000000
-1  -1.000  19.000  18.000 0.0000000000
-1  -2.000  19.000  18.000 0.0000000000
-1  2.000  19.000  17.000 0.0000000000
-1  1.000  19.000  17.000 0.0000000000
-1  0.000  19.000  17.000 0.0000000000
-1  -1.000  19.000  17.000 0.0000000000
-1  -2.000  19.000  17.000 0.0000000000
-1  2.000  19.000  16.000 0.0000000000
-1  1.000  19.000  16.000 0.0000000000
-1  0.000  19.000  16.000 0.0000000000
-1  -1.000  19.000  16.000 0.0000000000
-1  -2.000  19.000  16.000 0.0000000000
-1  2.000  19.000  15.000 0.0000000000
-1  1.000  19.000  15.000 0.0000000000
-1  0.000  19.000  15.000 0.0000000000
-1  -1.000  19.000  15.000 0.0000000000
-1  -2.000  19.000  15.000 0.0000000000
-1  2.000  19.000  14.000 0.0000000000
-1  1.000  19.000  14.000 0.0000000000
-1  0.000  19.000  14.000 0.0000000000
-1  -1.000  19.000  14.000 0.0000000000
-1  2.000  20.000  18.000 0.0000000000
-1  1.000  20.000  18.000 0.0000000000
-1  0.000  20.000  18.000 0.0000000000
-1  -2.000  20.000  18.000 0.0000000000
-1  2.000  20.000  17.000 0.0000000000
-1  1.000  20.000  17.000 0.0000000000
-1  0.000  20.000  17.000 0.0000000000
-1  -1.000  20.000  17.000 0.0000000000
-1  -2.000  20.000  17.000 0.0000000000
-1  2.000  20.000  16.000 0.0000000000
