#!ascii label /Users/megardn/Desktop/BGD_Repos/labels/lh_0253.label , from subject  vox2ras=TkReg
519
-1  2.000  -11.000  25.000 0.0000000000
-1  -1.000  -11.000  25.000 0.0000000000
-1  1.000  -11.000  24.000 0.0000000000
-1  0.000  -11.000  24.000 0.0000000000
-1  0.000  -11.000  23.000 0.0000000000
-1  2.000  -10.000  28.000 0.0000000000
-1  -2.000  -10.000  28.000 0.0000000000
-1  2.000  -10.000  27.000 0.0000000000
-1  1.000  -10.000  27.000 0.0000000000
-1  0.000  -10.000  27.000 0.0000000000
-1  -1.000  -10.000  27.000 0.0000000000
-1  -2.000  -10.000  27.000 0.0000000000
-1  2.000  -10.000  26.000 0.0000000000
-1  1.000  -10.000  26.000 0.0000000000
-1  0.000  -10.000  26.000 0.0000000000
-1  -1.000  -10.000  26.000 0.0000000000
-1  -2.000  -10.000  26.000 0.0000000000
-1  2.000  -10.000  25.000 0.0000000000
-1  1.000  -10.000  25.000 0.0000000000
-1  0.000  -10.000  25.000 0.0000000000
-1  -1.000  -10.000  25.000 0.0000000000
-1  1.000  -10.000  24.000 0.0000000000
-1  0.000  -10.000  24.000 0.0000000000
-1  -1.000  -10.000  24.000 0.0000000000
-1  0.000  -10.000  23.000 0.0000000000
-1  2.000  -9.000  28.000 0.0000000000
-1  1.000  -9.000  28.000 0.0000000000
-1  0.000  -9.000  28.000 0.0000000000
-1  -1.000  -9.000  28.000 0.0000000000
-1  -2.000  -9.000  28.000 0.0000000000
-1  2.000  -9.000  27.000 0.0000000000
-1  1.000  -9.000  27.000 0.0000000000
-1  0.000  -9.000  27.000 0.0000000000
-1  -1.000  -9.000  27.000 0.0000000000
-1  -2.000  -9.000  27.000 0.0000000000
-1  2.000  -9.000  26.000 0.0000000000
-1  1.000  -9.000  26.000 0.0000000000
-1  0.000  -9.000  26.000 0.0000000000
-1  -1.000  -9.000  26.000 0.0000000000
-1  -2.000  -9.000  26.000 0.0000000000
-1  2.000  -9.000  25.000 0.0000000000
-1  1.000  -9.000  25.000 0.0000000000
-1  0.000  -9.000  25.000 0.0000000000
-1  -1.000  -9.000  25.000 0.0000000000
-1  -2.000  -9.000  25.000 0.0000000000
-1  1.000  -9.000  24.000 0.0000000000
-1  0.000  -9.000  24.000 0.0000000000
-1  -1.000  -9.000  24.000 0.0000000000
-1  0.000  -9.000  23.000 0.0000000000
-1  0.000  -9.000  22.000 0.0000000000
-1  2.000  -8.000  29.000 0.0000000000
-1  1.000  -8.000  29.000 0.0000000000
-1  0.000  -8.000  29.000 0.0000000000
-1  -1.000  -8.000  29.000 0.0000000000
-1  -2.000  -8.000  29.000 0.0000000000
-1  2.000  -8.000  28.000 0.0000000000
-1  1.000  -8.000  28.000 0.0000000000
-1  0.000  -8.000  28.000 0.0000000000
-1  -1.000  -8.000  28.000 0.0000000000
-1  -2.000  -8.000  28.000 0.0000000000
-1  2.000  -8.000  27.000 0.0000000000
-1  1.000  -8.000  27.000 0.0000000000
-1  0.000  -8.000  27.000 0.0000000000
-1  -1.000  -8.000  27.000 0.0000000000
-1  -2.000  -8.000  27.000 0.0000000000
-1  2.000  -8.000  26.000 0.0000000000
-1  1.000  -8.000  26.000 0.0000000000
-1  0.000  -8.000  26.000 0.0000000000
-1  -1.000  -8.000  26.000 0.0000000000
-1  -2.000  -8.000  26.000 0.0000000000
-1  2.000  -8.000  25.000 0.0000000000
-1  1.000  -8.000  25.000 0.0000000000
-1  0.000  -8.000  25.000 0.0000000000
-1  -1.000  -8.000  25.000 0.0000000000
-1  -2.000  -8.000  25.000 0.0000000000
-1  2.000  -8.000  24.000 0.0000000000
-1  1.000  -8.000  24.000 0.0000000000
-1  0.000  -8.000  24.000 0.0000000000
-1  -1.000  -8.000  24.000 0.0000000000
-1  1.000  -8.000  23.000 0.0000000000
-1  0.000  -8.000  23.000 0.0000000000
-1  0.000  -8.000  22.000 0.0000000000
-1  2.000  -7.000  29.000 0.0000000000
-1  -2.000  -7.000  29.000 0.0000000000
-1  2.000  -7.000  28.000 0.0000000000
-1  1.000  -7.000  28.000 0.0000000000
-1  0.000  -7.000  28.000 0.0000000000
-1  -1.000  -7.000  28.000 0.0000000000
-1  -2.000  -7.000  28.000 0.0000000000
-1  2.000  -7.000  27.000 0.0000000000
-1  1.000  -7.000  27.000 0.0000000000
-1  0.000  -7.000  27.000 0.0000000000
-1  -1.000  -7.000  27.000 0.0000000000
-1  -2.000  -7.000  27.000 0.0000000000
-1  2.000  -7.000  26.000 0.0000000000
-1  1.000  -7.000  26.000 0.0000000000
-1  0.000  -7.000  26.000 0.0000000000
-1  -1.000  -7.000  26.000 0.0000000000
-1  -2.000  -7.000  26.000 0.0000000000
-1  2.000  -7.000  25.000 0.0000000000
-1  1.000  -7.000  25.000 0.0000000000
-1  0.000  -7.000  25.000 0.0000000000
-1  -1.000  -7.000  25.000 0.0000000000
-1  -2.000  -7.000  25.000 0.0000000000
-1  2.000  -7.000  24.000 0.0000000000
-1  1.000  -7.000  24.000 0.0000000000
-1  0.000  -7.000  24.000 0.0000000000
-1  -1.000  -7.000  24.000 0.0000000000
-1  -2.000  -7.000  24.000 0.0000000000
-1  1.000  -7.000  23.000 0.0000000000
-1  0.000  -7.000  23.000 0.0000000000
-1  -1.000  -7.000  23.000 0.0000000000
-1  1.000  -7.000  22.000 0.0000000000
-1  0.000  -7.000  22.000 0.0000000000
-1  2.000  -6.000  29.000 0.0000000000
-1  1.000  -6.000  29.000 0.0000000000
-1  0.000  -6.000  29.000 0.0000000000
-1  -1.000  -6.000  29.000 0.0000000000
-1  -2.000  -6.000  29.000 0.0000000000
-1  2.000  -6.000  28.000 0.0000000000
-1  1.000  -6.000  28.000 0.0000000000
-1  0.000  -6.000  28.000 0.0000000000
-1  -1.000  -6.000  28.000 0.0000000000
-1  -2.000  -6.000  28.000 0.0000000000
-1  2.000  -6.000  27.000 0.0000000000
-1  1.000  -6.000  27.000 0.0000000000
-1  0.000  -6.000  27.000 0.0000000000
-1  -1.000  -6.000  27.000 0.0000000000
-1  -2.000  -6.000  27.000 0.0000000000
-1  2.000  -6.000  26.000 0.0000000000
-1  1.000  -6.000  26.000 0.0000000000
-1  0.000  -6.000  26.000 0.0000000000
-1  -1.000  -6.000  26.000 0.0000000000
-1  -2.000  -6.000  26.000 0.0000000000
-1  2.000  -6.000  25.000 0.0000000000
-1  1.000  -6.000  25.000 0.0000000000
-1  0.000  -6.000  25.000 0.0000000000
-1  -1.000  -6.000  25.000 0.0000000000
-1  -2.000  -6.000  25.000 0.0000000000
-1  2.000  -6.000  24.000 0.0000000000
-1  1.000  -6.000  24.000 0.0000000000
-1  0.000  -6.000  24.000 0.0000000000
-1  -1.000  -6.000  24.000 0.0000000000
-1  -2.000  -6.000  24.000 0.0000000000
-1  2.000  -6.000  23.000 0.0000000000
-1  1.000  -6.000  23.000 0.0000000000
-1  0.000  -6.000  23.000 0.0000000000
-1  -1.000  -6.000  23.000 0.0000000000
-1  1.000  -6.000  22.000 0.0000000000
-1  0.000  -6.000  22.000 0.0000000000
-1  2.000  -5.000  30.000 0.0000000000
-1  2.000  -5.000  29.000 0.0000000000
-1  1.000  -5.000  29.000 0.0000000000
-1  0.000  -5.000  29.000 0.0000000000
-1  -1.000  -5.000  29.000 0.0000000000
-1  -2.000  -5.000  29.000 0.0000000000
-1  2.000  -5.000  28.000 0.0000000000
-1  1.000  -5.000  28.000 0.0000000000
-1  0.000  -5.000  28.000 0.0000000000
-1  -1.000  -5.000  28.000 0.0000000000
-1  -2.000  -5.000  28.000 0.0000000000
-1  2.000  -5.000  27.000 0.0000000000
-1  1.000  -5.000  27.000 0.0000000000
-1  0.000  -5.000  27.000 0.0000000000
-1  -1.000  -5.000  27.000 0.0000000000
-1  -2.000  -5.000  27.000 0.0000000000
-1  2.000  -5.000  26.000 0.0000000000
-1  1.000  -5.000  26.000 0.0000000000
-1  0.000  -5.000  26.000 0.0000000000
-1  -1.000  -5.000  26.000 0.0000000000
-1  -2.000  -5.000  26.000 0.0000000000
-1  2.000  -5.000  25.000 0.0000000000
-1  1.000  -5.000  25.000 0.0000000000
-1  0.000  -5.000  25.000 0.0000000000
-1  -1.000  -5.000  25.000 0.0000000000
-1  -2.000  -5.000  25.000 0.0000000000
-1  2.000  -5.000  24.000 0.0000000000
-1  1.000  -5.000  24.000 0.0000000000
-1  0.000  -5.000  24.000 0.0000000000
-1  -1.000  -5.000  24.000 0.0000000000
-1  -2.000  -5.000  24.000 0.0000000000
-1  1.000  -5.000  23.000 0.0000000000
-1  0.000  -5.000  23.000 0.0000000000
-1  -1.000  -5.000  23.000 0.0000000000
-1  1.000  -5.000  22.000 0.0000000000
-1  0.000  -5.000  22.000 0.0000000000
-1  2.000  -4.000  30.000 0.0000000000
-1  -2.000  -4.000  30.000 0.0000000000
-1  2.000  -4.000  29.000 0.0000000000
-1  1.000  -4.000  29.000 0.0000000000
-1  0.000  -4.000  29.000 0.0000000000
-1  -1.000  -4.000  29.000 0.0000000000
-1  -2.000  -4.000  29.000 0.0000000000
-1  2.000  -4.000  28.000 0.0000000000
-1  1.000  -4.000  28.000 0.0000000000
-1  0.000  -4.000  28.000 0.0000000000
-1  -1.000  -4.000  28.000 0.0000000000
-1  -2.000  -4.000  28.000 0.0000000000
-1  2.000  -4.000  27.000 0.0000000000
-1  1.000  -4.000  27.000 0.0000000000
-1  0.000  -4.000  27.000 0.0000000000
-1  -1.000  -4.000  27.000 0.0000000000
-1  -2.000  -4.000  27.000 0.0000000000
-1  2.000  -4.000  26.000 0.0000000000
-1  1.000  -4.000  26.000 0.0000000000
-1  0.000  -4.000  26.000 0.0000000000
-1  -1.000  -4.000  26.000 0.0000000000
-1  -2.000  -4.000  26.000 0.0000000000
-1  2.000  -4.000  25.000 0.0000000000
-1  1.000  -4.000  25.000 0.0000000000
-1  0.000  -4.000  25.000 0.0000000000
-1  -1.000  -4.000  25.000 0.0000000000
-1  -2.000  -4.000  25.000 0.0000000000
-1  2.000  -4.000  24.000 0.0000000000
-1  1.000  -4.000  24.000 0.0000000000
-1  0.000  -4.000  24.000 0.0000000000
-1  -1.000  -4.000  24.000 0.0000000000
-1  -2.000  -4.000  24.000 0.0000000000
-1  1.000  -4.000  23.000 0.0000000000
-1  0.000  -4.000  23.000 0.0000000000
-1  -1.000  -4.000  23.000 0.0000000000
-1  1.000  -4.000  22.000 0.0000000000
-1  0.000  -4.000  22.000 0.0000000000
-1  -2.000  -3.000  30.000 0.0000000000
-1  2.000  -3.000  29.000 0.0000000000
-1  1.000  -3.000  29.000 0.0000000000
-1  0.000  -3.000  29.000 0.0000000000
-1  -1.000  -3.000  29.000 0.0000000000
-1  -2.000  -3.000  29.000 0.0000000000
-1  2.000  -3.000  28.000 0.0000000000
-1  1.000  -3.000  28.000 0.0000000000
-1  0.000  -3.000  28.000 0.0000000000
-1  -1.000  -3.000  28.000 0.0000000000
-1  -2.000  -3.000  28.000 0.0000000000
-1  2.000  -3.000  27.000 0.0000000000
-1  1.000  -3.000  27.000 0.0000000000
-1  0.000  -3.000  27.000 0.0000000000
-1  -1.000  -3.000  27.000 0.0000000000
-1  -2.000  -3.000  27.000 0.0000000000
-1  2.000  -3.000  26.000 0.0000000000
-1  1.000  -3.000  26.000 0.0000000000
-1  0.000  -3.000  26.000 0.0000000000
-1  -1.000  -3.000  26.000 0.0000000000
-1  -2.000  -3.000  26.000 0.0000000000
-1  2.000  -3.000  25.000 0.0000000000
-1  1.000  -3.000  25.000 0.0000000000
-1  0.000  -3.000  25.000 0.0000000000
-1  -1.000  -3.000  25.000 0.0000000000
-1  -2.000  -3.000  25.000 0.0000000000
-1  2.000  -3.000  24.000 0.0000000000
-1  1.000  -3.000  24.000 0.0000000000
-1  0.000  -3.000  24.000 0.0000000000
-1  -1.000  -3.000  24.000 0.0000000000
-1  -2.000  -3.000  24.000 0.0000000000
-1  2.000  -3.000  23.000 0.0000000000
-1  1.000  -3.000  23.000 0.0000000000
-1  0.000  -3.000  23.000 0.0000000000
-1  -1.000  -3.000  23.000 0.0000000000
-1  1.000  -3.000  22.000 0.0000000000
-1  0.000  -3.000  22.000 0.0000000000
-1  2.000  -2.000  30.000 0.0000000000
-1  2.000  -2.000  29.000 0.0000000000
-1  1.000  -2.000  29.000 0.0000000000
-1  0.000  -2.000  29.000 0.0000000000
-1  -1.000  -2.000  29.000 0.0000000000
-1  -2.000  -2.000  29.000 0.0000000000
-1  2.000  -2.000  28.000 0.0000000000
-1  1.000  -2.000  28.000 0.0000000000
-1  0.000  -2.000  28.000 0.0000000000
-1  -1.000  -2.000  28.000 0.0000000000
-1  -2.000  -2.000  28.000 0.0000000000
-1  2.000  -2.000  27.000 0.0000000000
-1  1.000  -2.000  27.000 0.0000000000
-1  0.000  -2.000  27.000 0.0000000000
-1  -1.000  -2.000  27.000 0.0000000000
-1  -2.000  -2.000  27.000 0.0000000000
-1  2.000  -2.000  26.000 0.0000000000
-1  1.000  -2.000  26.000 0.0000000000
-1  0.000  -2.000  26.000 0.0000000000
-1  -1.000  -2.000  26.000 0.0000000000
-1  -2.000  -2.000  26.000 0.0000000000
-1  2.000  -2.000  25.000 0.0000000000
-1  1.000  -2.000  25.000 0.0000000000
-1  0.000  -2.000  25.000 0.0000000000
-1  -1.000  -2.000  25.000 0.0000000000
-1  -2.000  -2.000  25.000 0.0000000000
-1  2.000  -2.000  24.000 0.0000000000
-1  1.000  -2.000  24.000 0.0000000000
-1  0.000  -2.000  24.000 0.0000000000
-1  -1.000  -2.000  24.000 0.0000000000
-1  -2.000  -2.000  24.000 0.0000000000
-1  2.000  -2.000  23.000 0.0000000000
-1  1.000  -2.000  23.000 0.0000000000
-1  0.000  -2.000  23.000 0.0000000000
-1  -1.000  -2.000  23.000 0.0000000000
-1  1.000  -2.000  22.000 0.0000000000
-1  0.000  -2.000  22.000 0.0000000000
-1  2.000  -1.000  29.000 0.0000000000
-1  0.000  -1.000  29.000 0.0000000000
-1  -1.000  -1.000  29.000 0.0000000000
-1  -2.000  -1.000  29.000 0.0000000000
-1  2.000  -1.000  28.000 0.0000000000
-1  1.000  -1.000  28.000 0.0000000000
-1  0.000  -1.000  28.000 0.0000000000
-1  -1.000  -1.000  28.000 0.0000000000
-1  -2.000  -1.000  28.000 0.0000000000
-1  2.000  -1.000  27.000 0.0000000000
-1  1.000  -1.000  27.000 0.0000000000
-1  0.000  -1.000  27.000 0.0000000000
-1  -1.000  -1.000  27.000 0.0000000000
-1  -2.000  -1.000  27.000 0.0000000000
-1  2.000  -1.000  26.000 0.0000000000
-1  1.000  -1.000  26.000 0.0000000000
-1  0.000  -1.000  26.000 0.0000000000
-1  -1.000  -1.000  26.000 0.0000000000
-1  -2.000  -1.000  26.000 0.0000000000
-1  2.000  -1.000  25.000 0.0000000000
-1  1.000  -1.000  25.000 0.0000000000
-1  0.000  -1.000  25.000 0.0000000000
-1  -1.000  -1.000  25.000 0.0000000000
-1  -2.000  -1.000  25.000 0.0000000000
-1  2.000  -1.000  24.000 0.0000000000
-1  1.000  -1.000  24.000 0.0000000000
-1  0.000  -1.000  24.000 0.0000000000
-1  -1.000  -1.000  24.000 0.0000000000
-1  -2.000  -1.000  24.000 0.0000000000
-1  2.000  -1.000  23.000 0.0000000000
-1  1.000  -1.000  23.000 0.0000000000
-1  0.000  -1.000  23.000 0.0000000000
-1  -1.000  -1.000  23.000 0.0000000000
-1  1.000  -1.000  22.000 0.0000000000
-1  0.000  -1.000  22.000 0.0000000000
-1  2.000  0.000  29.000 0.0000000000
-1  1.000  0.000  29.000 0.0000000000
-1  0.000  0.000  29.000 0.0000000000
-1  -1.000  0.000  29.000 0.0000000000
-1  -2.000  0.000  29.000 0.0000000000
-1  2.000  0.000  28.000 0.0000000000
-1  1.000  0.000  28.000 0.0000000000
-1  0.000  0.000  28.000 0.0000000000
-1  -1.000  0.000  28.000 0.0000000000
-1  -2.000  0.000  28.000 0.0000000000
-1  2.000  0.000  27.000 0.0000000000
-1  1.000  0.000  27.000 0.0000000000
-1  0.000  0.000  27.000 0.0000000000
-1  -1.000  0.000  27.000 0.0000000000
-1  -2.000  0.000  27.000 0.0000000000
-1  2.000  0.000  26.000 0.0000000000
-1  1.000  0.000  26.000 0.0000000000
-1  0.000  0.000  26.000 0.0000000000
-1  -1.000  0.000  26.000 0.0000000000
-1  -2.000  0.000  26.000 0.0000000000
-1  2.000  0.000  25.000 0.0000000000
-1  1.000  0.000  25.000 0.0000000000
-1  0.000  0.000  25.000 0.0000000000
-1  -1.000  0.000  25.000 0.0000000000
-1  -2.000  0.000  25.000 0.0000000000
-1  2.000  0.000  24.000 0.0000000000
-1  1.000  0.000  24.000 0.0000000000
-1  0.000  0.000  24.000 0.0000000000
-1  -1.000  0.000  24.000 0.0000000000
-1  -2.000  0.000  24.000 0.0000000000
-1  2.000  0.000  23.000 0.0000000000
-1  1.000  0.000  23.000 0.0000000000
-1  0.000  0.000  23.000 0.0000000000
-1  -1.000  0.000  23.000 0.0000000000
-1  -2.000  0.000  23.000 0.0000000000
-1  1.000  0.000  22.000 0.0000000000
-1  0.000  0.000  22.000 0.0000000000
-1  -1.000  0.000  22.000 0.0000000000
-1  2.000  1.000  29.000 0.0000000000
-1  -1.000  1.000  29.000 0.0000000000
-1  -2.000  1.000  29.000 0.0000000000
-1  2.000  1.000  28.000 0.0000000000
-1  1.000  1.000  28.000 0.0000000000
-1  0.000  1.000  28.000 0.0000000000
-1  -1.000  1.000  28.000 0.0000000000
-1  -2.000  1.000  28.000 0.0000000000
-1  2.000  1.000  27.000 0.0000000000
-1  1.000  1.000  27.000 0.0000000000
-1  0.000  1.000  27.000 0.0000000000
-1  -1.000  1.000  27.000 0.0000000000
-1  -2.000  1.000  27.000 0.0000000000
-1  2.000  1.000  26.000 0.0000000000
-1  1.000  1.000  26.000 0.0000000000
-1  0.000  1.000  26.000 0.0000000000
-1  -1.000  1.000  26.000 0.0000000000
-1  -2.000  1.000  26.000 0.0000000000
-1  2.000  1.000  25.000 0.0000000000
-1  1.000  1.000  25.000 0.0000000000
-1  0.000  1.000  25.000 0.0000000000
-1  -1.000  1.000  25.000 0.0000000000
-1  -2.000  1.000  25.000 0.0000000000
-1  2.000  1.000  24.000 0.0000000000
-1  1.000  1.000  24.000 0.0000000000
-1  0.000  1.000  24.000 0.0000000000
-1  -1.000  1.000  24.000 0.0000000000
-1  -2.000  1.000  24.000 0.0000000000
-1  2.000  1.000  23.000 0.0000000000
-1  1.000  1.000  23.000 0.0000000000
-1  0.000  1.000  23.000 0.0000000000
-1  -1.000  1.000  23.000 0.0000000000
-1  -2.000  1.000  23.000 0.0000000000
-1  2.000  1.000  22.000 0.0000000000
-1  1.000  1.000  22.000 0.0000000000
-1  0.000  1.000  22.000 0.0000000000
-1  -1.000  1.000  22.000 0.0000000000
-1  1.000  1.000  21.000 0.0000000000
-1  0.000  1.000  21.000 0.0000000000
-1  -2.000  2.000  29.000 0.0000000000
-1  2.000  2.000  28.000 0.0000000000
-1  1.000  2.000  28.000 0.0000000000
-1  0.000  2.000  28.000 0.0000000000
-1  -1.000  2.000  28.000 0.0000000000
-1  -2.000  2.000  28.000 0.0000000000
-1  2.000  2.000  27.000 0.0000000000
-1  1.000  2.000  27.000 0.0000000000
-1  0.000  2.000  27.000 0.0000000000
-1  -1.000  2.000  27.000 0.0000000000
-1  -2.000  2.000  27.000 0.0000000000
-1  2.000  2.000  26.000 0.0000000000
-1  1.000  2.000  26.000 0.0000000000
-1  0.000  2.000  26.000 0.0000000000
-1  -1.000  2.000  26.000 0.0000000000
-1  -2.000  2.000  26.000 0.0000000000
-1  2.000  2.000  25.000 0.0000000000
-1  1.000  2.000  25.000 0.0000000000
-1  0.000  2.000  25.000 0.0000000000
-1  -1.000  2.000  25.000 0.0000000000
-1  -2.000  2.000  25.000 0.0000000000
-1  2.000  2.000  24.000 0.0000000000
-1  1.000  2.000  24.000 0.0000000000
-1  0.000  2.000  24.000 0.0000000000
-1  -1.000  2.000  24.000 0.0000000000
-1  -2.000  2.000  24.000 0.0000000000
-1  2.000  2.000  23.000 0.0000000000
-1  1.000  2.000  23.000 0.0000000000
-1  0.000  2.000  23.000 0.0000000000
-1  -1.000  2.000  23.000 0.0000000000
-1  -2.000  2.000  23.000 0.0000000000
-1  2.000  2.000  22.000 0.0000000000
-1  1.000  2.000  22.000 0.0000000000
-1  0.000  2.000  22.000 0.0000000000
-1  -1.000  2.000  22.000 0.0000000000
-1  1.000  2.000  21.000 0.0000000000
-1  0.000  2.000  21.000 0.0000000000
-1  2.000  3.000  28.000 0.0000000000
-1  1.000  3.000  28.000 0.0000000000
-1  0.000  3.000  28.000 0.0000000000
-1  -1.000  3.000  28.000 0.0000000000
-1  -2.000  3.000  28.000 0.0000000000
-1  2.000  3.000  27.000 0.0000000000
-1  1.000  3.000  27.000 0.0000000000
-1  0.000  3.000  27.000 0.0000000000
-1  -1.000  3.000  27.000 0.0000000000
-1  -2.000  3.000  27.000 0.0000000000
-1  2.000  3.000  26.000 0.0000000000
-1  1.000  3.000  26.000 0.0000000000
-1  0.000  3.000  26.000 0.0000000000
-1  -1.000  3.000  26.000 0.0000000000
-1  -2.000  3.000  26.000 0.0000000000
-1  2.000  3.000  25.000 0.0000000000
-1  1.000  3.000  25.000 0.0000000000
-1  0.000  3.000  25.000 0.0000000000
-1  -1.000  3.000  25.000 0.0000000000
-1  -2.000  3.000  25.000 0.0000000000
-1  2.000  3.000  24.000 0.0000000000
-1  1.000  3.000  24.000 0.0000000000
-1  0.000  3.000  24.000 0.0000000000
-1  -1.000  3.000  24.000 0.0000000000
-1  -2.000  3.000  24.000 0.0000000000
-1  2.000  3.000  23.000 0.0000000000
-1  1.000  3.000  23.000 0.0000000000
-1  0.000  3.000  23.000 0.0000000000
-1  -1.000  3.000  23.000 0.0000000000
-1  -2.000  3.000  23.000 0.0000000000
-1  2.000  3.000  22.000 0.0000000000
-1  1.000  3.000  22.000 0.0000000000
-1  0.000  3.000  22.000 0.0000000000
-1  -1.000  3.000  22.000 0.0000000000
-1  1.000  3.000  21.000 0.0000000000
-1  0.000  3.000  21.000 0.0000000000
-1  -2.000  4.000  28.000 0.0000000000
-1  2.000  4.000  27.000 0.0000000000
-1  1.000  4.000  27.000 0.0000000000
-1  0.000  4.000  27.000 0.0000000000
-1  -1.000  4.000  27.000 0.0000000000
-1  -2.000  4.000  27.000 0.0000000000
-1  2.000  4.000  26.000 0.0000000000
-1  1.000  4.000  26.000 0.0000000000
-1  0.000  4.000  26.000 0.0000000000
-1  -1.000  4.000  26.000 0.0000000000
-1  -2.000  4.000  26.000 0.0000000000
-1  2.000  4.000  25.000 0.0000000000
-1  1.000  4.000  25.000 0.0000000000
-1  0.000  4.000  25.000 0.0000000000
-1  -1.000  4.000  25.000 0.0000000000
-1  -2.000  4.000  25.000 0.0000000000
-1  2.000  4.000  24.000 0.0000000000
-1  1.000  4.000  24.000 0.0000000000
-1  0.000  4.000  24.000 0.0000000000
-1  -1.000  4.000  24.000 0.0000000000
-1  -2.000  4.000  24.000 0.0000000000
-1  2.000  4.000  23.000 0.0000000000
-1  1.000  4.000  23.000 0.0000000000
-1  0.000  4.000  23.000 0.0000000000
-1  -1.000  4.000  23.000 0.0000000000
-1  2.000  5.000  27.000 0.0000000000
-1  1.000  5.000  27.000 0.0000000000
-1  0.000  5.000  27.000 0.0000000000
-1  -1.000  5.000  27.000 0.0000000000
-1  -2.000  5.000  27.000 0.0000000000
-1  2.000  5.000  26.000 0.0000000000
-1  1.000  5.000  26.000 0.0000000000
-1  0.000  5.000  26.000 0.0000000000
-1  -1.000  5.000  26.000 0.0000000000
-1  -2.000  5.000  26.000 0.0000000000
-1  0.000  5.000  25.000 0.0000000000
-1  -1.000  5.000  25.000 0.0000000000
