#!ascii label /Users/megardn/Desktop/BGD_Repos/labels/lh_0252.label , from subject  vox2ras=TkReg
504
-1  2.000  -27.000  25.000 0.0000000000
-1  1.000  -27.000  25.000 0.0000000000
-1  0.000  -27.000  25.000 0.0000000000
-1  -1.000  -27.000  25.000 0.0000000000
-1  2.000  -27.000  24.000 0.0000000000
-1  1.000  -27.000  24.000 0.0000000000
-1  -1.000  -27.000  24.000 0.0000000000
-1  2.000  -27.000  23.000 0.0000000000
-1  -2.000  -27.000  23.000 0.0000000000
-1  2.000  -27.000  22.000 0.0000000000
-1  2.000  -27.000  21.000 0.0000000000
-1  1.000  -27.000  21.000 0.0000000000
-1  2.000  -26.000  26.000 0.0000000000
-1  2.000  -26.000  25.000 0.0000000000
-1  1.000  -26.000  25.000 0.0000000000
-1  0.000  -26.000  25.000 0.0000000000
-1  -1.000  -26.000  25.000 0.0000000000
-1  -2.000  -26.000  25.000 0.0000000000
-1  2.000  -26.000  24.000 0.0000000000
-1  1.000  -26.000  24.000 0.0000000000
-1  0.000  -26.000  24.000 0.0000000000
-1  -1.000  -26.000  24.000 0.0000000000
-1  -2.000  -26.000  24.000 0.0000000000
-1  2.000  -26.000  23.000 0.0000000000
-1  1.000  -26.000  23.000 0.0000000000
-1  0.000  -26.000  23.000 0.0000000000
-1  -1.000  -26.000  23.000 0.0000000000
-1  2.000  -26.000  22.000 0.0000000000
-1  1.000  -26.000  22.000 0.0000000000
-1  0.000  -26.000  22.000 0.0000000000
-1  2.000  -26.000  21.000 0.0000000000
-1  1.000  -26.000  21.000 0.0000000000
-1  2.000  -25.000  26.000 0.0000000000
-1  -1.000  -25.000  26.000 0.0000000000
-1  -2.000  -25.000  26.000 0.0000000000
-1  2.000  -25.000  25.000 0.0000000000
-1  1.000  -25.000  25.000 0.0000000000
-1  0.000  -25.000  25.000 0.0000000000
-1  -1.000  -25.000  25.000 0.0000000000
-1  2.000  -25.000  24.000 0.0000000000
-1  1.000  -25.000  24.000 0.0000000000
-1  0.000  -25.000  24.000 0.0000000000
-1  -1.000  -25.000  24.000 0.0000000000
-1  -2.000  -25.000  24.000 0.0000000000
-1  2.000  -25.000  23.000 0.0000000000
-1  1.000  -25.000  23.000 0.0000000000
-1  0.000  -25.000  23.000 0.0000000000
-1  -1.000  -25.000  23.000 0.0000000000
-1  -2.000  -25.000  23.000 0.0000000000
-1  2.000  -25.000  22.000 0.0000000000
-1  1.000  -25.000  22.000 0.0000000000
-1  0.000  -25.000  22.000 0.0000000000
-1  -1.000  -25.000  22.000 0.0000000000
-1  -2.000  -25.000  22.000 0.0000000000
-1  1.000  -25.000  21.000 0.0000000000
-1  0.000  -25.000  21.000 0.0000000000
-1  -1.000  -25.000  21.000 0.0000000000
-1  1.000  -25.000  20.000 0.0000000000
-1  0.000  -25.000  20.000 0.0000000000
-1  2.000  -25.000  19.000 0.0000000000
-1  1.000  -25.000  19.000 0.0000000000
-1  0.000  -25.000  19.000 0.0000000000
-1  0.000  -25.000  18.000 0.0000000000
-1  2.000  -24.000  25.000 0.0000000000
-1  1.000  -24.000  25.000 0.0000000000
-1  0.000  -24.000  25.000 0.0000000000
-1  -1.000  -24.000  25.000 0.0000000000
-1  -2.000  -24.000  25.000 0.0000000000
-1  2.000  -24.000  24.000 0.0000000000
-1  1.000  -24.000  24.000 0.0000000000
-1  0.000  -24.000  24.000 0.0000000000
-1  -1.000  -24.000  24.000 0.0000000000
-1  -2.000  -24.000  24.000 0.0000000000
-1  2.000  -24.000  23.000 0.0000000000
-1  1.000  -24.000  23.000 0.0000000000
-1  0.000  -24.000  23.000 0.0000000000
-1  -1.000  -24.000  23.000 0.0000000000
-1  -2.000  -24.000  23.000 0.0000000000
-1  2.000  -24.000  22.000 0.0000000000
-1  1.000  -24.000  22.000 0.0000000000
-1  0.000  -24.000  22.000 0.0000000000
-1  -1.000  -24.000  22.000 0.0000000000
-1  1.000  -24.000  21.000 0.0000000000
-1  0.000  -24.000  21.000 0.0000000000
-1  1.000  -24.000  20.000 0.0000000000
-1  0.000  -24.000  20.000 0.0000000000
-1  1.000  -24.000  19.000 0.0000000000
-1  0.000  -24.000  19.000 0.0000000000
-1  0.000  -24.000  18.000 0.0000000000
-1  -2.000  -23.000  28.000 0.0000000000
-1  2.000  -23.000  27.000 0.0000000000
-1  2.000  -23.000  26.000 0.0000000000
-1  -1.000  -23.000  26.000 0.0000000000
-1  2.000  -23.000  25.000 0.0000000000
-1  1.000  -23.000  25.000 0.0000000000
-1  0.000  -23.000  25.000 0.0000000000
-1  -1.000  -23.000  25.000 0.0000000000
-1  -2.000  -23.000  25.000 0.0000000000
-1  2.000  -23.000  24.000 0.0000000000
-1  1.000  -23.000  24.000 0.0000000000
-1  0.000  -23.000  24.000 0.0000000000
-1  -1.000  -23.000  24.000 0.0000000000
-1  -2.000  -23.000  24.000 0.0000000000
-1  2.000  -23.000  23.000 0.0000000000
-1  1.000  -23.000  23.000 0.0000000000
-1  0.000  -23.000  23.000 0.0000000000
-1  -1.000  -23.000  23.000 0.0000000000
-1  -2.000  -23.000  23.000 0.0000000000
-1  2.000  -23.000  22.000 0.0000000000
-1  1.000  -23.000  22.000 0.0000000000
-1  0.000  -23.000  22.000 0.0000000000
-1  -1.000  -23.000  22.000 0.0000000000
-1  1.000  -23.000  21.000 0.0000000000
-1  0.000  -23.000  21.000 0.0000000000
-1  1.000  -23.000  20.000 0.0000000000
-1  0.000  -23.000  20.000 0.0000000000
-1  1.000  -23.000  19.000 0.0000000000
-1  0.000  -23.000  19.000 0.0000000000
-1  2.000  -22.000  28.000 0.0000000000
-1  2.000  -22.000  27.000 0.0000000000
-1  2.000  -22.000  26.000 0.0000000000
-1  1.000  -22.000  26.000 0.0000000000
-1  0.000  -22.000  26.000 0.0000000000
-1  2.000  -22.000  25.000 0.0000000000
-1  1.000  -22.000  25.000 0.0000000000
-1  0.000  -22.000  25.000 0.0000000000
-1  -1.000  -22.000  25.000 0.0000000000
-1  -2.000  -22.000  25.000 0.0000000000
-1  2.000  -22.000  24.000 0.0000000000
-1  1.000  -22.000  24.000 0.0000000000
-1  0.000  -22.000  24.000 0.0000000000
-1  -1.000  -22.000  24.000 0.0000000000
-1  -2.000  -22.000  24.000 0.0000000000
-1  2.000  -22.000  23.000 0.0000000000
-1  1.000  -22.000  23.000 0.0000000000
-1  0.000  -22.000  23.000 0.0000000000
-1  -1.000  -22.000  23.000 0.0000000000
-1  -2.000  -22.000  23.000 0.0000000000
-1  2.000  -22.000  22.000 0.0000000000
-1  1.000  -22.000  22.000 0.0000000000
-1  0.000  -22.000  22.000 0.0000000000
-1  -1.000  -22.000  22.000 0.0000000000
-1  1.000  -22.000  21.000 0.0000000000
-1  0.000  -22.000  21.000 0.0000000000
-1  1.000  -22.000  20.000 0.0000000000
-1  0.000  -22.000  20.000 0.0000000000
-1  1.000  -22.000  19.000 0.0000000000
-1  0.000  -22.000  19.000 0.0000000000
-1  -2.000  -21.000  28.000 0.0000000000
-1  2.000  -21.000  27.000 0.0000000000
-1  1.000  -21.000  27.000 0.0000000000
-1  0.000  -21.000  27.000 0.0000000000
-1  -1.000  -21.000  27.000 0.0000000000
-1  -2.000  -21.000  27.000 0.0000000000
-1  2.000  -21.000  26.000 0.0000000000
-1  1.000  -21.000  26.000 0.0000000000
-1  0.000  -21.000  26.000 0.0000000000
-1  -1.000  -21.000  26.000 0.0000000000
-1  -2.000  -21.000  26.000 0.0000000000
-1  2.000  -21.000  25.000 0.0000000000
-1  1.000  -21.000  25.000 0.0000000000
-1  0.000  -21.000  25.000 0.0000000000
-1  -1.000  -21.000  25.000 0.0000000000
-1  -2.000  -21.000  25.000 0.0000000000
-1  2.000  -21.000  24.000 0.0000000000
-1  1.000  -21.000  24.000 0.0000000000
-1  0.000  -21.000  24.000 0.0000000000
-1  -1.000  -21.000  24.000 0.0000000000
-1  -2.000  -21.000  24.000 0.0000000000
-1  2.000  -21.000  23.000 0.0000000000
-1  1.000  -21.000  23.000 0.0000000000
-1  0.000  -21.000  23.000 0.0000000000
-1  -1.000  -21.000  23.000 0.0000000000
-1  -2.000  -21.000  23.000 0.0000000000
-1  2.000  -21.000  22.000 0.0000000000
-1  1.000  -21.000  22.000 0.0000000000
-1  0.000  -21.000  22.000 0.0000000000
-1  -1.000  -21.000  22.000 0.0000000000
-1  1.000  -21.000  21.000 0.0000000000
-1  0.000  -21.000  21.000 0.0000000000
-1  1.000  -21.000  20.000 0.0000000000
-1  0.000  -21.000  20.000 0.0000000000
-1  1.000  -21.000  19.000 0.0000000000
-1  0.000  -21.000  19.000 0.0000000000
-1  2.000  -20.000  28.000 0.0000000000
-1  1.000  -20.000  28.000 0.0000000000
-1  0.000  -20.000  28.000 0.0000000000
-1  -1.000  -20.000  28.000 0.0000000000
-1  -2.000  -20.000  28.000 0.0000000000
-1  2.000  -20.000  27.000 0.0000000000
-1  1.000  -20.000  27.000 0.0000000000
-1  0.000  -20.000  27.000 0.0000000000
-1  -1.000  -20.000  27.000 0.0000000000
-1  -2.000  -20.000  27.000 0.0000000000
-1  2.000  -20.000  26.000 0.0000000000
-1  1.000  -20.000  26.000 0.0000000000
-1  0.000  -20.000  26.000 0.0000000000
-1  -1.000  -20.000  26.000 0.0000000000
-1  -2.000  -20.000  26.000 0.0000000000
-1  2.000  -20.000  25.000 0.0000000000
-1  1.000  -20.000  25.000 0.0000000000
-1  0.000  -20.000  25.000 0.0000000000
-1  -1.000  -20.000  25.000 0.0000000000
-1  -2.000  -20.000  25.000 0.0000000000
-1  2.000  -20.000  24.000 0.0000000000
-1  1.000  -20.000  24.000 0.0000000000
-1  0.000  -20.000  24.000 0.0000000000
-1  -1.000  -20.000  24.000 0.0000000000
-1  -2.000  -20.000  24.000 0.0000000000
-1  2.000  -20.000  23.000 0.0000000000
-1  1.000  -20.000  23.000 0.0000000000
-1  0.000  -20.000  23.000 0.0000000000
-1  -1.000  -20.000  23.000 0.0000000000
-1  1.000  -20.000  22.000 0.0000000000
-1  0.000  -20.000  22.000 0.0000000000
-1  -1.000  -20.000  22.000 0.0000000000
-1  1.000  -20.000  21.000 0.0000000000
-1  0.000  -20.000  21.000 0.0000000000
-1  1.000  -20.000  20.000 0.0000000000
-1  0.000  -20.000  20.000 0.0000000000
-1  0.000  -20.000  19.000 0.0000000000
-1  2.000  -19.000  28.000 0.0000000000
-1  1.000  -19.000  28.000 0.0000000000
-1  -1.000  -19.000  28.000 0.0000000000
-1  -2.000  -19.000  28.000 0.0000000000
-1  2.000  -19.000  27.000 0.0000000000
-1  1.000  -19.000  27.000 0.0000000000
-1  0.000  -19.000  27.000 0.0000000000
-1  -1.000  -19.000  27.000 0.0000000000
-1  -2.000  -19.000  27.000 0.0000000000
-1  2.000  -19.000  26.000 0.0000000000
-1  1.000  -19.000  26.000 0.0000000000
-1  0.000  -19.000  26.000 0.0000000000
-1  -1.000  -19.000  26.000 0.0000000000
-1  -2.000  -19.000  26.000 0.0000000000
-1  2.000  -19.000  25.000 0.0000000000
-1  1.000  -19.000  25.000 0.0000000000
-1  0.000  -19.000  25.000 0.0000000000
-1  -1.000  -19.000  25.000 0.0000000000
-1  -2.000  -19.000  25.000 0.0000000000
-1  2.000  -19.000  24.000 0.0000000000
-1  1.000  -19.000  24.000 0.0000000000
-1  0.000  -19.000  24.000 0.0000000000
-1  -1.000  -19.000  24.000 0.0000000000
-1  -2.000  -19.000  24.000 0.0000000000
-1  2.000  -19.000  23.000 0.0000000000
-1  1.000  -19.000  23.000 0.0000000000
-1  0.000  -19.000  23.000 0.0000000000
-1  -1.000  -19.000  23.000 0.0000000000
-1  1.000  -19.000  22.000 0.0000000000
-1  0.000  -19.000  22.000 0.0000000000
-1  -1.000  -19.000  22.000 0.0000000000
-1  1.000  -19.000  21.000 0.0000000000
-1  0.000  -19.000  21.000 0.0000000000
-1  0.000  -19.000  20.000 0.0000000000
-1  2.000  -18.000  29.000 0.0000000000
-1  2.000  -18.000  28.000 0.0000000000
-1  1.000  -18.000  28.000 0.0000000000
-1  0.000  -18.000  28.000 0.0000000000
-1  -1.000  -18.000  28.000 0.0000000000
-1  -2.000  -18.000  28.000 0.0000000000
-1  2.000  -18.000  27.000 0.0000000000
-1  1.000  -18.000  27.000 0.0000000000
-1  0.000  -18.000  27.000 0.0000000000
-1  -1.000  -18.000  27.000 0.0000000000
-1  -2.000  -18.000  27.000 0.0000000000
-1  2.000  -18.000  26.000 0.0000000000
-1  1.000  -18.000  26.000 0.0000000000
-1  0.000  -18.000  26.000 0.0000000000
-1  -1.000  -18.000  26.000 0.0000000000
-1  -2.000  -18.000  26.000 0.0000000000
-1  2.000  -18.000  25.000 0.0000000000
-1  1.000  -18.000  25.000 0.0000000000
-1  0.000  -18.000  25.000 0.0000000000
-1  -1.000  -18.000  25.000 0.0000000000
-1  -2.000  -18.000  25.000 0.0000000000
-1  2.000  -18.000  24.000 0.0000000000
-1  1.000  -18.000  24.000 0.0000000000
-1  0.000  -18.000  24.000 0.0000000000
-1  -1.000  -18.000  24.000 0.0000000000
-1  -2.000  -18.000  24.000 0.0000000000
-1  2.000  -18.000  23.000 0.0000000000
-1  1.000  -18.000  23.000 0.0000000000
-1  0.000  -18.000  23.000 0.0000000000
-1  -1.000  -18.000  23.000 0.0000000000
-1  1.000  -18.000  22.000 0.0000000000
-1  0.000  -18.000  22.000 0.0000000000
-1  1.000  -18.000  21.000 0.0000000000
-1  0.000  -18.000  21.000 0.0000000000
-1  0.000  -18.000  20.000 0.0000000000
-1  2.000  -17.000  29.000 0.0000000000
-1  -1.000  -17.000  29.000 0.0000000000
-1  -2.000  -17.000  29.000 0.0000000000
-1  2.000  -17.000  28.000 0.0000000000
-1  1.000  -17.000  28.000 0.0000000000
-1  0.000  -17.000  28.000 0.0000000000
-1  -1.000  -17.000  28.000 0.0000000000
-1  -2.000  -17.000  28.000 0.0000000000
-1  2.000  -17.000  27.000 0.0000000000
-1  1.000  -17.000  27.000 0.0000000000
-1  0.000  -17.000  27.000 0.0000000000
-1  -1.000  -17.000  27.000 0.0000000000
-1  -2.000  -17.000  27.000 0.0000000000
-1  2.000  -17.000  26.000 0.0000000000
-1  1.000  -17.000  26.000 0.0000000000
-1  0.000  -17.000  26.000 0.0000000000
-1  -1.000  -17.000  26.000 0.0000000000
-1  -2.000  -17.000  26.000 0.0000000000
-1  2.000  -17.000  25.000 0.0000000000
-1  1.000  -17.000  25.000 0.0000000000
-1  0.000  -17.000  25.000 0.0000000000
-1  -1.000  -17.000  25.000 0.0000000000
-1  -2.000  -17.000  25.000 0.0000000000
-1  2.000  -17.000  24.000 0.0000000000
-1  1.000  -17.000  24.000 0.0000000000
-1  0.000  -17.000  24.000 0.0000000000
-1  -1.000  -17.000  24.000 0.0000000000
-1  -2.000  -17.000  24.000 0.0000000000
-1  1.000  -17.000  23.000 0.0000000000
-1  0.000  -17.000  23.000 0.0000000000
-1  -1.000  -17.000  23.000 0.0000000000
-1  1.000  -17.000  22.000 0.0000000000
-1  0.000  -17.000  22.000 0.0000000000
-1  1.000  -17.000  21.000 0.0000000000
-1  0.000  -17.000  21.000 0.0000000000
-1  0.000  -17.000  20.000 0.0000000000
-1  2.000  -16.000  29.000 0.0000000000
-1  -2.000  -16.000  29.000 0.0000000000
-1  2.000  -16.000  28.000 0.0000000000
-1  1.000  -16.000  28.000 0.0000000000
-1  0.000  -16.000  28.000 0.0000000000
-1  -1.000  -16.000  28.000 0.0000000000
-1  -2.000  -16.000  28.000 0.0000000000
-1  2.000  -16.000  27.000 0.0000000000
-1  1.000  -16.000  27.000 0.0000000000
-1  0.000  -16.000  27.000 0.0000000000
-1  -1.000  -16.000  27.000 0.0000000000
-1  -2.000  -16.000  27.000 0.0000000000
-1  2.000  -16.000  26.000 0.0000000000
-1  1.000  -16.000  26.000 0.0000000000
-1  0.000  -16.000  26.000 0.0000000000
-1  -1.000  -16.000  26.000 0.0000000000
-1  -2.000  -16.000  26.000 0.0000000000
-1  2.000  -16.000  25.000 0.0000000000
-1  1.000  -16.000  25.000 0.0000000000
-1  0.000  -16.000  25.000 0.0000000000
-1  -1.000  -16.000  25.000 0.0000000000
-1  -2.000  -16.000  25.000 0.0000000000
-1  2.000  -16.000  24.000 0.0000000000
-1  1.000  -16.000  24.000 0.0000000000
-1  0.000  -16.000  24.000 0.0000000000
-1  -1.000  -16.000  24.000 0.0000000000
-1  -2.000  -16.000  24.000 0.0000000000
-1  1.000  -16.000  23.000 0.0000000000
-1  0.000  -16.000  23.000 0.0000000000
-1  -1.000  -16.000  23.000 0.0000000000
-1  1.000  -16.000  22.000 0.0000000000
-1  0.000  -16.000  22.000 0.0000000000
-1  0.000  -16.000  21.000 0.0000000000
-1  0.000  -16.000  20.000 0.0000000000
-1  2.000  -15.000  30.000 0.0000000000
-1  2.000  -15.000  29.000 0.0000000000
-1  1.000  -15.000  29.000 0.0000000000
-1  -1.000  -15.000  29.000 0.0000000000
-1  -2.000  -15.000  29.000 0.0000000000
-1  2.000  -15.000  28.000 0.0000000000
-1  1.000  -15.000  28.000 0.0000000000
-1  0.000  -15.000  28.000 0.0000000000
-1  -1.000  -15.000  28.000 0.0000000000
-1  -2.000  -15.000  28.000 0.0000000000
-1  2.000  -15.000  27.000 0.0000000000
-1  1.000  -15.000  27.000 0.0000000000
-1  0.000  -15.000  27.000 0.0000000000
-1  -1.000  -15.000  27.000 0.0000000000
-1  -2.000  -15.000  27.000 0.0000000000
-1  2.000  -15.000  26.000 0.0000000000
-1  1.000  -15.000  26.000 0.0000000000
-1  0.000  -15.000  26.000 0.0000000000
-1  -1.000  -15.000  26.000 0.0000000000
-1  -2.000  -15.000  26.000 0.0000000000
-1  2.000  -15.000  25.000 0.0000000000
-1  1.000  -15.000  25.000 0.0000000000
-1  0.000  -15.000  25.000 0.0000000000
-1  -1.000  -15.000  25.000 0.0000000000
-1  -2.000  -15.000  25.000 0.0000000000
-1  2.000  -15.000  24.000 0.0000000000
-1  1.000  -15.000  24.000 0.0000000000
-1  0.000  -15.000  24.000 0.0000000000
-1  -1.000  -15.000  24.000 0.0000000000
-1  -2.000  -15.000  24.000 0.0000000000
-1  1.000  -15.000  23.000 0.0000000000
-1  0.000  -15.000  23.000 0.0000000000
-1  -1.000  -15.000  23.000 0.0000000000
-1  0.000  -15.000  22.000 0.0000000000
-1  0.000  -15.000  21.000 0.0000000000
-1  0.000  -15.000  20.000 0.0000000000
-1  -2.000  -14.000  30.000 0.0000000000
-1  2.000  -14.000  29.000 0.0000000000
-1  1.000  -14.000  29.000 0.0000000000
-1  0.000  -14.000  29.000 0.0000000000
-1  -1.000  -14.000  29.000 0.0000000000
-1  -2.000  -14.000  29.000 0.0000000000
-1  2.000  -14.000  28.000 0.0000000000
-1  1.000  -14.000  28.000 0.0000000000
-1  0.000  -14.000  28.000 0.0000000000
-1  -1.000  -14.000  28.000 0.0000000000
-1  -2.000  -14.000  28.000 0.0000000000
-1  2.000  -14.000  27.000 0.0000000000
-1  1.000  -14.000  27.000 0.0000000000
-1  0.000  -14.000  27.000 0.0000000000
-1  -1.000  -14.000  27.000 0.0000000000
-1  -2.000  -14.000  27.000 0.0000000000
-1  2.000  -14.000  26.000 0.0000000000
-1  1.000  -14.000  26.000 0.0000000000
-1  0.000  -14.000  26.000 0.0000000000
-1  -1.000  -14.000  26.000 0.0000000000
-1  -2.000  -14.000  26.000 0.0000000000
-1  2.000  -14.000  25.000 0.0000000000
-1  1.000  -14.000  25.000 0.0000000000
-1  0.000  -14.000  25.000 0.0000000000
-1  -1.000  -14.000  25.000 0.0000000000
-1  -2.000  -14.000  25.000 0.0000000000
-1  2.000  -14.000  24.000 0.0000000000
-1  1.000  -14.000  24.000 0.0000000000
-1  0.000  -14.000  24.000 0.0000000000
-1  -1.000  -14.000  24.000 0.0000000000
-1  0.000  -14.000  23.000 0.0000000000
-1  0.000  -14.000  22.000 0.0000000000
-1  0.000  -14.000  21.000 0.0000000000
-1  2.000  -13.000  29.000 0.0000000000
-1  1.000  -13.000  29.000 0.0000000000
-1  -1.000  -13.000  29.000 0.0000000000
-1  -2.000  -13.000  29.000 0.0000000000
-1  2.000  -13.000  28.000 0.0000000000
-1  1.000  -13.000  28.000 0.0000000000
-1  0.000  -13.000  28.000 0.0000000000
-1  -1.000  -13.000  28.000 0.0000000000
-1  -2.000  -13.000  28.000 0.0000000000
-1  2.000  -13.000  27.000 0.0000000000
-1  1.000  -13.000  27.000 0.0000000000
-1  0.000  -13.000  27.000 0.0000000000
-1  -1.000  -13.000  27.000 0.0000000000
-1  -2.000  -13.000  27.000 0.0000000000
-1  2.000  -13.000  26.000 0.0000000000
-1  1.000  -13.000  26.000 0.0000000000
-1  0.000  -13.000  26.000 0.0000000000
-1  -1.000  -13.000  26.000 0.0000000000
-1  -2.000  -13.000  26.000 0.0000000000
-1  2.000  -13.000  25.000 0.0000000000
-1  1.000  -13.000  25.000 0.0000000000
-1  0.000  -13.000  25.000 0.0000000000
-1  -1.000  -13.000  25.000 0.0000000000
-1  -2.000  -13.000  25.000 0.0000000000
-1  1.000  -13.000  24.000 0.0000000000
-1  0.000  -13.000  24.000 0.0000000000
-1  -1.000  -13.000  24.000 0.0000000000
-1  0.000  -13.000  23.000 0.0000000000
-1  2.000  -12.000  29.000 0.0000000000
-1  1.000  -12.000  29.000 0.0000000000
-1  -1.000  -12.000  29.000 0.0000000000
-1  -2.000  -12.000  29.000 0.0000000000
-1  2.000  -12.000  28.000 0.0000000000
-1  1.000  -12.000  28.000 0.0000000000
-1  0.000  -12.000  28.000 0.0000000000
-1  -1.000  -12.000  28.000 0.0000000000
-1  -2.000  -12.000  28.000 0.0000000000
-1  2.000  -12.000  27.000 0.0000000000
-1  1.000  -12.000  27.000 0.0000000000
-1  0.000  -12.000  27.000 0.0000000000
-1  -1.000  -12.000  27.000 0.0000000000
-1  -2.000  -12.000  27.000 0.0000000000
-1  2.000  -12.000  26.000 0.0000000000
-1  1.000  -12.000  26.000 0.0000000000
-1  0.000  -12.000  26.000 0.0000000000
-1  -1.000  -12.000  26.000 0.0000000000
-1  -2.000  -12.000  26.000 0.0000000000
-1  2.000  -12.000  25.000 0.0000000000
-1  1.000  -12.000  25.000 0.0000000000
-1  0.000  -12.000  25.000 0.0000000000
-1  -1.000  -12.000  25.000 0.0000000000
-1  -2.000  -12.000  25.000 0.0000000000
-1  1.000  -12.000  24.000 0.0000000000
-1  0.000  -12.000  24.000 0.0000000000
-1  -1.000  -12.000  24.000 0.0000000000
-1  2.000  -11.000  29.000 0.0000000000
-1  -2.000  -11.000  29.000 0.0000000000
-1  2.000  -11.000  28.000 0.0000000000
-1  1.000  -11.000  28.000 0.0000000000
-1  0.000  -11.000  28.000 0.0000000000
-1  -1.000  -11.000  28.000 0.0000000000
-1  -2.000  -11.000  28.000 0.0000000000
-1  2.000  -11.000  27.000 0.0000000000
-1  1.000  -11.000  27.000 0.0000000000
-1  0.000  -11.000  27.000 0.0000000000
-1  -1.000  -11.000  27.000 0.0000000000
-1  -2.000  -11.000  27.000 0.0000000000
-1  2.000  -11.000  26.000 0.0000000000
-1  1.000  -11.000  26.000 0.0000000000
-1  0.000  -11.000  26.000 0.0000000000
-1  -1.000  -11.000  26.000 0.0000000000
-1  1.000  -11.000  25.000 0.0000000000
-1  0.000  -11.000  25.000 0.0000000000
-1  2.000  -10.000  29.000 0.0000000000
-1  -2.000  -10.000  29.000 0.0000000000
