#!ascii label /Users/megardn/Desktop/BGD_Repos/labels/lh_0054.label , from subject  vox2ras=TkReg
2055
-1  27.000  -14.000  -11.000 0.0000000000
-1  26.000  -14.000  -11.000 0.0000000000
-1  28.000  -14.000  -12.000 0.0000000000
-1  27.000  -14.000  -12.000 0.0000000000
-1  26.000  -14.000  -12.000 0.0000000000
-1  25.000  -14.000  -12.000 0.0000000000
-1  24.000  -14.000  -12.000 0.0000000000
-1  29.000  -14.000  -13.000 0.0000000000
-1  28.000  -14.000  -13.000 0.0000000000
-1  27.000  -14.000  -13.000 0.0000000000
-1  26.000  -14.000  -13.000 0.0000000000
-1  25.000  -14.000  -13.000 0.0000000000
-1  24.000  -14.000  -13.000 0.0000000000
-1  26.000  -13.000  -11.000 0.0000000000
-1  25.000  -13.000  -11.000 0.0000000000
-1  28.000  -13.000  -12.000 0.0000000000
-1  27.000  -13.000  -12.000 0.0000000000
-1  26.000  -13.000  -12.000 0.0000000000
-1  25.000  -13.000  -12.000 0.0000000000
-1  24.000  -13.000  -12.000 0.0000000000
-1  23.000  -13.000  -12.000 0.0000000000
-1  22.000  -13.000  -12.000 0.0000000000
-1  29.000  -13.000  -13.000 0.0000000000
-1  28.000  -13.000  -13.000 0.0000000000
-1  27.000  -13.000  -13.000 0.0000000000
-1  26.000  -13.000  -13.000 0.0000000000
-1  25.000  -13.000  -13.000 0.0000000000
-1  24.000  -13.000  -13.000 0.0000000000
-1  23.000  -13.000  -13.000 0.0000000000
-1  22.000  -13.000  -13.000 0.0000000000
-1  30.000  -13.000  -14.000 0.0000000000
-1  29.000  -13.000  -14.000 0.0000000000
-1  28.000  -13.000  -14.000 0.0000000000
-1  27.000  -13.000  -14.000 0.0000000000
-1  26.000  -13.000  -14.000 0.0000000000
-1  25.000  -13.000  -14.000 0.0000000000
-1  24.000  -13.000  -14.000 0.0000000000
-1  23.000  -13.000  -14.000 0.0000000000
-1  31.000  -13.000  -15.000 0.0000000000
-1  30.000  -13.000  -15.000 0.0000000000
-1  26.000  -12.000  -11.000 0.0000000000
-1  25.000  -12.000  -11.000 0.0000000000
-1  24.000  -12.000  -11.000 0.0000000000
-1  23.000  -12.000  -11.000 0.0000000000
-1  28.000  -12.000  -12.000 0.0000000000
-1  27.000  -12.000  -12.000 0.0000000000
-1  26.000  -12.000  -12.000 0.0000000000
-1  25.000  -12.000  -12.000 0.0000000000
-1  24.000  -12.000  -12.000 0.0000000000
-1  23.000  -12.000  -12.000 0.0000000000
-1  22.000  -12.000  -12.000 0.0000000000
-1  29.000  -12.000  -13.000 0.0000000000
-1  28.000  -12.000  -13.000 0.0000000000
-1  27.000  -12.000  -13.000 0.0000000000
-1  26.000  -12.000  -13.000 0.0000000000
-1  25.000  -12.000  -13.000 0.0000000000
-1  24.000  -12.000  -13.000 0.0000000000
-1  23.000  -12.000  -13.000 0.0000000000
-1  22.000  -12.000  -13.000 0.0000000000
-1  21.000  -12.000  -13.000 0.0000000000
-1  20.000  -12.000  -13.000 0.0000000000
-1  30.000  -12.000  -14.000 0.0000000000
-1  29.000  -12.000  -14.000 0.0000000000
-1  28.000  -12.000  -14.000 0.0000000000
-1  27.000  -12.000  -14.000 0.0000000000
-1  26.000  -12.000  -14.000 0.0000000000
-1  25.000  -12.000  -14.000 0.0000000000
-1  24.000  -12.000  -14.000 0.0000000000
-1  23.000  -12.000  -14.000 0.0000000000
-1  22.000  -12.000  -14.000 0.0000000000
-1  21.000  -12.000  -14.000 0.0000000000
-1  31.000  -12.000  -15.000 0.0000000000
-1  30.000  -12.000  -15.000 0.0000000000
-1  29.000  -12.000  -15.000 0.0000000000
-1  28.000  -12.000  -15.000 0.0000000000
-1  27.000  -12.000  -15.000 0.0000000000
-1  26.000  -12.000  -15.000 0.0000000000
-1  25.000  -12.000  -15.000 0.0000000000
-1  24.000  -12.000  -15.000 0.0000000000
-1  23.000  -12.000  -15.000 0.0000000000
-1  22.000  -12.000  -15.000 0.0000000000
-1  21.000  -12.000  -15.000 0.0000000000
-1  32.000  -12.000  -16.000 0.0000000000
-1  31.000  -12.000  -16.000 0.0000000000
-1  30.000  -12.000  -16.000 0.0000000000
-1  29.000  -12.000  -16.000 0.0000000000
-1  25.000  -12.000  -16.000 0.0000000000
-1  24.000  -12.000  -16.000 0.0000000000
-1  23.000  -12.000  -16.000 0.0000000000
-1  22.000  -12.000  -16.000 0.0000000000
-1  21.000  -12.000  -16.000 0.0000000000
-1  24.000  -12.000  -17.000 0.0000000000
-1  23.000  -12.000  -17.000 0.0000000000
-1  26.000  -11.000  -11.000 0.0000000000
-1  25.000  -11.000  -11.000 0.0000000000
-1  24.000  -11.000  -11.000 0.0000000000
-1  23.000  -11.000  -11.000 0.0000000000
-1  28.000  -11.000  -12.000 0.0000000000
-1  27.000  -11.000  -12.000 0.0000000000
-1  26.000  -11.000  -12.000 0.0000000000
-1  25.000  -11.000  -12.000 0.0000000000
-1  24.000  -11.000  -12.000 0.0000000000
-1  23.000  -11.000  -12.000 0.0000000000
-1  22.000  -11.000  -12.000 0.0000000000
-1  21.000  -11.000  -12.000 0.0000000000
-1  29.000  -11.000  -13.000 0.0000000000
-1  28.000  -11.000  -13.000 0.0000000000
-1  27.000  -11.000  -13.000 0.0000000000
-1  26.000  -11.000  -13.000 0.0000000000
-1  25.000  -11.000  -13.000 0.0000000000
-1  24.000  -11.000  -13.000 0.0000000000
-1  23.000  -11.000  -13.000 0.0000000000
-1  22.000  -11.000  -13.000 0.0000000000
-1  21.000  -11.000  -13.000 0.0000000000
-1  20.000  -11.000  -13.000 0.0000000000
-1  19.000  -11.000  -13.000 0.0000000000
-1  30.000  -11.000  -14.000 0.0000000000
-1  29.000  -11.000  -14.000 0.0000000000
-1  28.000  -11.000  -14.000 0.0000000000
-1  27.000  -11.000  -14.000 0.0000000000
-1  26.000  -11.000  -14.000 0.0000000000
-1  25.000  -11.000  -14.000 0.0000000000
-1  24.000  -11.000  -14.000 0.0000000000
-1  23.000  -11.000  -14.000 0.0000000000
-1  22.000  -11.000  -14.000 0.0000000000
-1  21.000  -11.000  -14.000 0.0000000000
-1  20.000  -11.000  -14.000 0.0000000000
-1  19.000  -11.000  -14.000 0.0000000000
-1  18.000  -11.000  -14.000 0.0000000000
-1  31.000  -11.000  -15.000 0.0000000000
-1  30.000  -11.000  -15.000 0.0000000000
-1  29.000  -11.000  -15.000 0.0000000000
-1  28.000  -11.000  -15.000 0.0000000000
-1  27.000  -11.000  -15.000 0.0000000000
-1  26.000  -11.000  -15.000 0.0000000000
-1  25.000  -11.000  -15.000 0.0000000000
-1  24.000  -11.000  -15.000 0.0000000000
-1  23.000  -11.000  -15.000 0.0000000000
-1  22.000  -11.000  -15.000 0.0000000000
-1  21.000  -11.000  -15.000 0.0000000000
-1  20.000  -11.000  -15.000 0.0000000000
-1  19.000  -11.000  -15.000 0.0000000000
-1  18.000  -11.000  -15.000 0.0000000000
-1  32.000  -11.000  -16.000 0.0000000000
-1  31.000  -11.000  -16.000 0.0000000000
-1  30.000  -11.000  -16.000 0.0000000000
-1  29.000  -11.000  -16.000 0.0000000000
-1  28.000  -11.000  -16.000 0.0000000000
-1  27.000  -11.000  -16.000 0.0000000000
-1  26.000  -11.000  -16.000 0.0000000000
-1  25.000  -11.000  -16.000 0.0000000000
-1  24.000  -11.000  -16.000 0.0000000000
-1  23.000  -11.000  -16.000 0.0000000000
-1  22.000  -11.000  -16.000 0.0000000000
-1  21.000  -11.000  -16.000 0.0000000000
-1  20.000  -11.000  -16.000 0.0000000000
-1  19.000  -11.000  -16.000 0.0000000000
-1  32.000  -11.000  -17.000 0.0000000000
-1  31.000  -11.000  -17.000 0.0000000000
-1  30.000  -11.000  -17.000 0.0000000000
-1  27.000  -11.000  -17.000 0.0000000000
-1  26.000  -11.000  -17.000 0.0000000000
-1  25.000  -11.000  -17.000 0.0000000000
-1  24.000  -11.000  -17.000 0.0000000000
-1  23.000  -11.000  -17.000 0.0000000000
-1  22.000  -11.000  -17.000 0.0000000000
-1  21.000  -11.000  -17.000 0.0000000000
-1  20.000  -11.000  -17.000 0.0000000000
-1  27.000  -11.000  -18.000 0.0000000000
-1  26.000  -11.000  -18.000 0.0000000000
-1  25.000  -11.000  -18.000 0.0000000000
-1  24.000  -11.000  -18.000 0.0000000000
-1  23.000  -11.000  -18.000 0.0000000000
-1  22.000  -11.000  -18.000 0.0000000000
-1  21.000  -11.000  -18.000 0.0000000000
-1  26.000  -11.000  -19.000 0.0000000000
-1  25.000  -11.000  -19.000 0.0000000000
-1  24.000  -11.000  -19.000 0.0000000000
-1  25.000  -10.000  -11.000 0.0000000000
-1  24.000  -10.000  -11.000 0.0000000000
-1  23.000  -10.000  -11.000 0.0000000000
-1  22.000  -10.000  -11.000 0.0000000000
-1  28.000  -10.000  -12.000 0.0000000000
-1  27.000  -10.000  -12.000 0.0000000000
-1  26.000  -10.000  -12.000 0.0000000000
-1  25.000  -10.000  -12.000 0.0000000000
-1  24.000  -10.000  -12.000 0.0000000000
-1  23.000  -10.000  -12.000 0.0000000000
-1  22.000  -10.000  -12.000 0.0000000000
-1  21.000  -10.000  -12.000 0.0000000000
-1  20.000  -10.000  -12.000 0.0000000000
-1  29.000  -10.000  -13.000 0.0000000000
-1  28.000  -10.000  -13.000 0.0000000000
-1  27.000  -10.000  -13.000 0.0000000000
-1  26.000  -10.000  -13.000 0.0000000000
-1  25.000  -10.000  -13.000 0.0000000000
-1  24.000  -10.000  -13.000 0.0000000000
-1  23.000  -10.000  -13.000 0.0000000000
-1  22.000  -10.000  -13.000 0.0000000000
-1  21.000  -10.000  -13.000 0.0000000000
-1  20.000  -10.000  -13.000 0.0000000000
-1  19.000  -10.000  -13.000 0.0000000000
-1  30.000  -10.000  -14.000 0.0000000000
-1  29.000  -10.000  -14.000 0.0000000000
-1  28.000  -10.000  -14.000 0.0000000000
-1  27.000  -10.000  -14.000 0.0000000000
-1  26.000  -10.000  -14.000 0.0000000000
-1  25.000  -10.000  -14.000 0.0000000000
-1  24.000  -10.000  -14.000 0.0000000000
-1  23.000  -10.000  -14.000 0.0000000000
-1  22.000  -10.000  -14.000 0.0000000000
-1  21.000  -10.000  -14.000 0.0000000000
-1  20.000  -10.000  -14.000 0.0000000000
-1  19.000  -10.000  -14.000 0.0000000000
-1  18.000  -10.000  -14.000 0.0000000000
-1  30.000  -10.000  -15.000 0.0000000000
-1  29.000  -10.000  -15.000 0.0000000000
-1  28.000  -10.000  -15.000 0.0000000000
-1  27.000  -10.000  -15.000 0.0000000000
-1  26.000  -10.000  -15.000 0.0000000000
-1  25.000  -10.000  -15.000 0.0000000000
-1  24.000  -10.000  -15.000 0.0000000000
-1  23.000  -10.000  -15.000 0.0000000000
-1  22.000  -10.000  -15.000 0.0000000000
-1  21.000  -10.000  -15.000 0.0000000000
-1  20.000  -10.000  -15.000 0.0000000000
-1  19.000  -10.000  -15.000 0.0000000000
-1  18.000  -10.000  -15.000 0.0000000000
-1  17.000  -10.000  -15.000 0.0000000000
-1  32.000  -10.000  -16.000 0.0000000000
-1  31.000  -10.000  -16.000 0.0000000000
-1  30.000  -10.000  -16.000 0.0000000000
-1  29.000  -10.000  -16.000 0.0000000000
-1  28.000  -10.000  -16.000 0.0000000000
-1  27.000  -10.000  -16.000 0.0000000000
-1  26.000  -10.000  -16.000 0.0000000000
-1  25.000  -10.000  -16.000 0.0000000000
-1  24.000  -10.000  -16.000 0.0000000000
-1  23.000  -10.000  -16.000 0.0000000000
-1  22.000  -10.000  -16.000 0.0000000000
-1  21.000  -10.000  -16.000 0.0000000000
-1  20.000  -10.000  -16.000 0.0000000000
-1  19.000  -10.000  -16.000 0.0000000000
-1  18.000  -10.000  -16.000 0.0000000000
-1  17.000  -10.000  -16.000 0.0000000000
-1  32.000  -10.000  -17.000 0.0000000000
-1  31.000  -10.000  -17.000 0.0000000000
-1  30.000  -10.000  -17.000 0.0000000000
-1  29.000  -10.000  -17.000 0.0000000000
-1  28.000  -10.000  -17.000 0.0000000000
-1  27.000  -10.000  -17.000 0.0000000000
-1  26.000  -10.000  -17.000 0.0000000000
-1  25.000  -10.000  -17.000 0.0000000000
-1  24.000  -10.000  -17.000 0.0000000000
-1  23.000  -10.000  -17.000 0.0000000000
-1  22.000  -10.000  -17.000 0.0000000000
-1  21.000  -10.000  -17.000 0.0000000000
-1  20.000  -10.000  -17.000 0.0000000000
-1  19.000  -10.000  -17.000 0.0000000000
-1  18.000  -10.000  -17.000 0.0000000000
-1  17.000  -10.000  -17.000 0.0000000000
-1  16.000  -10.000  -17.000 0.0000000000
-1  32.000  -10.000  -18.000 0.0000000000
-1  31.000  -10.000  -18.000 0.0000000000
-1  30.000  -10.000  -18.000 0.0000000000
-1  29.000  -10.000  -18.000 0.0000000000
-1  28.000  -10.000  -18.000 0.0000000000
-1  27.000  -10.000  -18.000 0.0000000000
-1  26.000  -10.000  -18.000 0.0000000000
-1  25.000  -10.000  -18.000 0.0000000000
-1  24.000  -10.000  -18.000 0.0000000000
-1  23.000  -10.000  -18.000 0.0000000000
-1  22.000  -10.000  -18.000 0.0000000000
-1  21.000  -10.000  -18.000 0.0000000000
-1  20.000  -10.000  -18.000 0.0000000000
-1  28.000  -10.000  -19.000 0.0000000000
-1  27.000  -10.000  -19.000 0.0000000000
-1  26.000  -10.000  -19.000 0.0000000000
-1  25.000  -10.000  -19.000 0.0000000000
-1  24.000  -10.000  -19.000 0.0000000000
-1  23.000  -10.000  -19.000 0.0000000000
-1  22.000  -10.000  -19.000 0.0000000000
-1  21.000  -10.000  -19.000 0.0000000000
-1  20.000  -10.000  -19.000 0.0000000000
-1  27.000  -10.000  -20.000 0.0000000000
-1  26.000  -10.000  -20.000 0.0000000000
-1  25.000  -10.000  -20.000 0.0000000000
-1  25.000  -9.000  -11.000 0.0000000000
-1  24.000  -9.000  -11.000 0.0000000000
-1  23.000  -9.000  -11.000 0.0000000000
-1  22.000  -9.000  -11.000 0.0000000000
-1  21.000  -9.000  -11.000 0.0000000000
-1  28.000  -9.000  -12.000 0.0000000000
-1  27.000  -9.000  -12.000 0.0000000000
-1  26.000  -9.000  -12.000 0.0000000000
-1  25.000  -9.000  -12.000 0.0000000000
-1  24.000  -9.000  -12.000 0.0000000000
-1  23.000  -9.000  -12.000 0.0000000000
-1  22.000  -9.000  -12.000 0.0000000000
-1  21.000  -9.000  -12.000 0.0000000000
-1  20.000  -9.000  -12.000 0.0000000000
-1  19.000  -9.000  -12.000 0.0000000000
-1  29.000  -9.000  -13.000 0.0000000000
-1  28.000  -9.000  -13.000 0.0000000000
-1  27.000  -9.000  -13.000 0.0000000000
-1  26.000  -9.000  -13.000 0.0000000000
-1  25.000  -9.000  -13.000 0.0000000000
-1  24.000  -9.000  -13.000 0.0000000000
-1  23.000  -9.000  -13.000 0.0000000000
-1  22.000  -9.000  -13.000 0.0000000000
-1  21.000  -9.000  -13.000 0.0000000000
-1  20.000  -9.000  -13.000 0.0000000000
-1  19.000  -9.000  -13.000 0.0000000000
-1  18.000  -9.000  -13.000 0.0000000000
-1  29.000  -9.000  -14.000 0.0000000000
-1  28.000  -9.000  -14.000 0.0000000000
-1  27.000  -9.000  -14.000 0.0000000000
-1  26.000  -9.000  -14.000 0.0000000000
-1  25.000  -9.000  -14.000 0.0000000000
-1  24.000  -9.000  -14.000 0.0000000000
-1  23.000  -9.000  -14.000 0.0000000000
-1  22.000  -9.000  -14.000 0.0000000000
-1  21.000  -9.000  -14.000 0.0000000000
-1  20.000  -9.000  -14.000 0.0000000000
-1  19.000  -9.000  -14.000 0.0000000000
-1  18.000  -9.000  -14.000 0.0000000000
-1  30.000  -9.000  -15.000 0.0000000000
-1  29.000  -9.000  -15.000 0.0000000000
-1  28.000  -9.000  -15.000 0.0000000000
-1  27.000  -9.000  -15.000 0.0000000000
-1  26.000  -9.000  -15.000 0.0000000000
-1  25.000  -9.000  -15.000 0.0000000000
-1  24.000  -9.000  -15.000 0.0000000000
-1  23.000  -9.000  -15.000 0.0000000000
-1  22.000  -9.000  -15.000 0.0000000000
-1  21.000  -9.000  -15.000 0.0000000000
-1  20.000  -9.000  -15.000 0.0000000000
-1  19.000  -9.000  -15.000 0.0000000000
-1  18.000  -9.000  -15.000 0.0000000000
-1  17.000  -9.000  -15.000 0.0000000000
-1  31.000  -9.000  -16.000 0.0000000000
-1  30.000  -9.000  -16.000 0.0000000000
-1  29.000  -9.000  -16.000 0.0000000000
-1  28.000  -9.000  -16.000 0.0000000000
-1  27.000  -9.000  -16.000 0.0000000000
-1  26.000  -9.000  -16.000 0.0000000000
-1  25.000  -9.000  -16.000 0.0000000000
-1  24.000  -9.000  -16.000 0.0000000000
-1  23.000  -9.000  -16.000 0.0000000000
-1  22.000  -9.000  -16.000 0.0000000000
-1  21.000  -9.000  -16.000 0.0000000000
-1  20.000  -9.000  -16.000 0.0000000000
-1  19.000  -9.000  -16.000 0.0000000000
-1  18.000  -9.000  -16.000 0.0000000000
-1  17.000  -9.000  -16.000 0.0000000000
-1  32.000  -9.000  -17.000 0.0000000000
-1  31.000  -9.000  -17.000 0.0000000000
-1  30.000  -9.000  -17.000 0.0000000000
-1  29.000  -9.000  -17.000 0.0000000000
-1  28.000  -9.000  -17.000 0.0000000000
-1  27.000  -9.000  -17.000 0.0000000000
-1  26.000  -9.000  -17.000 0.0000000000
-1  25.000  -9.000  -17.000 0.0000000000
-1  24.000  -9.000  -17.000 0.0000000000
-1  23.000  -9.000  -17.000 0.0000000000
-1  22.000  -9.000  -17.000 0.0000000000
-1  21.000  -9.000  -17.000 0.0000000000
-1  20.000  -9.000  -17.000 0.0000000000
-1  19.000  -9.000  -17.000 0.0000000000
-1  18.000  -9.000  -17.000 0.0000000000
-1  17.000  -9.000  -17.000 0.0000000000
-1  16.000  -9.000  -17.000 0.0000000000
-1  32.000  -9.000  -18.000 0.0000000000
-1  31.000  -9.000  -18.000 0.0000000000
-1  30.000  -9.000  -18.000 0.0000000000
-1  29.000  -9.000  -18.000 0.0000000000
-1  28.000  -9.000  -18.000 0.0000000000
-1  27.000  -9.000  -18.000 0.0000000000
-1  26.000  -9.000  -18.000 0.0000000000
-1  25.000  -9.000  -18.000 0.0000000000
-1  24.000  -9.000  -18.000 0.0000000000
-1  23.000  -9.000  -18.000 0.0000000000
-1  22.000  -9.000  -18.000 0.0000000000
-1  21.000  -9.000  -18.000 0.0000000000
-1  20.000  -9.000  -18.000 0.0000000000
-1  19.000  -9.000  -18.000 0.0000000000
-1  18.000  -9.000  -18.000 0.0000000000
-1  17.000  -9.000  -18.000 0.0000000000
-1  16.000  -9.000  -18.000 0.0000000000
-1  32.000  -9.000  -19.000 0.0000000000
-1  31.000  -9.000  -19.000 0.0000000000
-1  30.000  -9.000  -19.000 0.0000000000
-1  29.000  -9.000  -19.000 0.0000000000
-1  28.000  -9.000  -19.000 0.0000000000
-1  27.000  -9.000  -19.000 0.0000000000
-1  26.000  -9.000  -19.000 0.0000000000
-1  25.000  -9.000  -19.000 0.0000000000
-1  24.000  -9.000  -19.000 0.0000000000
-1  23.000  -9.000  -19.000 0.0000000000
-1  22.000  -9.000  -19.000 0.0000000000
-1  21.000  -9.000  -19.000 0.0000000000
-1  20.000  -9.000  -19.000 0.0000000000
-1  17.000  -9.000  -19.000 0.0000000000
-1  16.000  -9.000  -19.000 0.0000000000
-1  15.000  -9.000  -19.000 0.0000000000
-1  33.000  -9.000  -20.000 0.0000000000
-1  32.000  -9.000  -20.000 0.0000000000
-1  31.000  -9.000  -20.000 0.0000000000
-1  30.000  -9.000  -20.000 0.0000000000
-1  29.000  -9.000  -20.000 0.0000000000
-1  28.000  -9.000  -20.000 0.0000000000
-1  27.000  -9.000  -20.000 0.0000000000
-1  26.000  -9.000  -20.000 0.0000000000
-1  25.000  -9.000  -20.000 0.0000000000
-1  24.000  -9.000  -20.000 0.0000000000
-1  23.000  -9.000  -20.000 0.0000000000
-1  31.000  -9.000  -21.000 0.0000000000
-1  30.000  -9.000  -21.000 0.0000000000
-1  29.000  -9.000  -21.000 0.0000000000
-1  28.000  -9.000  -21.000 0.0000000000
-1  27.000  -9.000  -21.000 0.0000000000
-1  25.000  -8.000  -11.000 0.0000000000
-1  24.000  -8.000  -11.000 0.0000000000
-1  23.000  -8.000  -11.000 0.0000000000
-1  22.000  -8.000  -11.000 0.0000000000
-1  21.000  -8.000  -11.000 0.0000000000
-1  26.000  -8.000  -12.000 0.0000000000
-1  25.000  -8.000  -12.000 0.0000000000
-1  24.000  -8.000  -12.000 0.0000000000
-1  23.000  -8.000  -12.000 0.0000000000
-1  22.000  -8.000  -12.000 0.0000000000
-1  21.000  -8.000  -12.000 0.0000000000
-1  20.000  -8.000  -12.000 0.0000000000
-1  19.000  -8.000  -12.000 0.0000000000
-1  29.000  -8.000  -13.000 0.0000000000
-1  28.000  -8.000  -13.000 0.0000000000
-1  27.000  -8.000  -13.000 0.0000000000
-1  26.000  -8.000  -13.000 0.0000000000
-1  25.000  -8.000  -13.000 0.0000000000
-1  24.000  -8.000  -13.000 0.0000000000
-1  23.000  -8.000  -13.000 0.0000000000
-1  22.000  -8.000  -13.000 0.0000000000
-1  21.000  -8.000  -13.000 0.0000000000
-1  20.000  -8.000  -13.000 0.0000000000
-1  19.000  -8.000  -13.000 0.0000000000
-1  18.000  -8.000  -13.000 0.0000000000
-1  28.000  -8.000  -14.000 0.0000000000
-1  27.000  -8.000  -14.000 0.0000000000
-1  26.000  -8.000  -14.000 0.0000000000
-1  25.000  -8.000  -14.000 0.0000000000
-1  24.000  -8.000  -14.000 0.0000000000
-1  23.000  -8.000  -14.000 0.0000000000
-1  22.000  -8.000  -14.000 0.0000000000
-1  21.000  -8.000  -14.000 0.0000000000
-1  20.000  -8.000  -14.000 0.0000000000
-1  19.000  -8.000  -14.000 0.0000000000
-1  18.000  -8.000  -14.000 0.0000000000
-1  30.000  -8.000  -15.000 0.0000000000
-1  29.000  -8.000  -15.000 0.0000000000
-1  28.000  -8.000  -15.000 0.0000000000
-1  27.000  -8.000  -15.000 0.0000000000
-1  26.000  -8.000  -15.000 0.0000000000
-1  25.000  -8.000  -15.000 0.0000000000
-1  24.000  -8.000  -15.000 0.0000000000
-1  23.000  -8.000  -15.000 0.0000000000
-1  22.000  -8.000  -15.000 0.0000000000
-1  21.000  -8.000  -15.000 0.0000000000
-1  20.000  -8.000  -15.000 0.0000000000
-1  19.000  -8.000  -15.000 0.0000000000
-1  18.000  -8.000  -15.000 0.0000000000
-1  17.000  -8.000  -15.000 0.0000000000
-1  31.000  -8.000  -16.000 0.0000000000
-1  30.000  -8.000  -16.000 0.0000000000
-1  29.000  -8.000  -16.000 0.0000000000
-1  28.000  -8.000  -16.000 0.0000000000
-1  27.000  -8.000  -16.000 0.0000000000
-1  26.000  -8.000  -16.000 0.0000000000
-1  25.000  -8.000  -16.000 0.0000000000
-1  24.000  -8.000  -16.000 0.0000000000
-1  23.000  -8.000  -16.000 0.0000000000
-1  22.000  -8.000  -16.000 0.0000000000
-1  21.000  -8.000  -16.000 0.0000000000
-1  20.000  -8.000  -16.000 0.0000000000
-1  19.000  -8.000  -16.000 0.0000000000
-1  18.000  -8.000  -16.000 0.0000000000
-1  17.000  -8.000  -16.000 0.0000000000
-1  31.000  -8.000  -17.000 0.0000000000
-1  30.000  -8.000  -17.000 0.0000000000
-1  29.000  -8.000  -17.000 0.0000000000
-1  28.000  -8.000  -17.000 0.0000000000
-1  27.000  -8.000  -17.000 0.0000000000
-1  26.000  -8.000  -17.000 0.0000000000
-1  25.000  -8.000  -17.000 0.0000000000
-1  24.000  -8.000  -17.000 0.0000000000
-1  23.000  -8.000  -17.000 0.0000000000
-1  22.000  -8.000  -17.000 0.0000000000
-1  21.000  -8.000  -17.000 0.0000000000
-1  20.000  -8.000  -17.000 0.0000000000
-1  19.000  -8.000  -17.000 0.0000000000
-1  18.000  -8.000  -17.000 0.0000000000
-1  17.000  -8.000  -17.000 0.0000000000
-1  16.000  -8.000  -17.000 0.0000000000
-1  32.000  -8.000  -18.000 0.0000000000
-1  31.000  -8.000  -18.000 0.0000000000
-1  30.000  -8.000  -18.000 0.0000000000
-1  29.000  -8.000  -18.000 0.0000000000
-1  28.000  -8.000  -18.000 0.0000000000
-1  27.000  -8.000  -18.000 0.0000000000
-1  26.000  -8.000  -18.000 0.0000000000
-1  25.000  -8.000  -18.000 0.0000000000
-1  24.000  -8.000  -18.000 0.0000000000
-1  23.000  -8.000  -18.000 0.0000000000
-1  22.000  -8.000  -18.000 0.0000000000
-1  21.000  -8.000  -18.000 0.0000000000
-1  20.000  -8.000  -18.000 0.0000000000
-1  19.000  -8.000  -18.000 0.0000000000
-1  18.000  -8.000  -18.000 0.0000000000
-1  17.000  -8.000  -18.000 0.0000000000
-1  16.000  -8.000  -18.000 0.0000000000
-1  32.000  -8.000  -19.000 0.0000000000
-1  31.000  -8.000  -19.000 0.0000000000
-1  30.000  -8.000  -19.000 0.0000000000
-1  29.000  -8.000  -19.000 0.0000000000
-1  28.000  -8.000  -19.000 0.0000000000
-1  27.000  -8.000  -19.000 0.0000000000
-1  26.000  -8.000  -19.000 0.0000000000
-1  25.000  -8.000  -19.000 0.0000000000
-1  24.000  -8.000  -19.000 0.0000000000
-1  23.000  -8.000  -19.000 0.0000000000
-1  22.000  -8.000  -19.000 0.0000000000
-1  21.000  -8.000  -19.000 0.0000000000
-1  20.000  -8.000  -19.000 0.0000000000
-1  19.000  -8.000  -19.000 0.0000000000
-1  18.000  -8.000  -19.000 0.0000000000
-1  17.000  -8.000  -19.000 0.0000000000
-1  16.000  -8.000  -19.000 0.0000000000
-1  15.000  -8.000  -19.000 0.0000000000
-1  33.000  -8.000  -20.000 0.0000000000
-1  32.000  -8.000  -20.000 0.0000000000
-1  31.000  -8.000  -20.000 0.0000000000
-1  30.000  -8.000  -20.000 0.0000000000
-1  29.000  -8.000  -20.000 0.0000000000
-1  28.000  -8.000  -20.000 0.0000000000
-1  27.000  -8.000  -20.000 0.0000000000
-1  26.000  -8.000  -20.000 0.0000000000
-1  25.000  -8.000  -20.000 0.0000000000
-1  24.000  -8.000  -20.000 0.0000000000
-1  23.000  -8.000  -20.000 0.0000000000
-1  22.000  -8.000  -20.000 0.0000000000
-1  21.000  -8.000  -20.000 0.0000000000
-1  20.000  -8.000  -20.000 0.0000000000
-1  19.000  -8.000  -20.000 0.0000000000
-1  18.000  -8.000  -20.000 0.0000000000
-1  17.000  -8.000  -20.000 0.0000000000
-1  16.000  -8.000  -20.000 0.0000000000
-1  33.000  -8.000  -21.000 0.0000000000
-1  32.000  -8.000  -21.000 0.0000000000
-1  31.000  -8.000  -21.000 0.0000000000
-1  30.000  -8.000  -21.000 0.0000000000
-1  29.000  -8.000  -21.000 0.0000000000
-1  28.000  -8.000  -21.000 0.0000000000
-1  27.000  -8.000  -21.000 0.0000000000
-1  26.000  -8.000  -21.000 0.0000000000
-1  25.000  -8.000  -21.000 0.0000000000
-1  24.000  -8.000  -21.000 0.0000000000
-1  23.000  -8.000  -21.000 0.0000000000
-1  22.000  -8.000  -21.000 0.0000000000
-1  21.000  -8.000  -21.000 0.0000000000
-1  18.000  -8.000  -21.000 0.0000000000
-1  33.000  -8.000  -22.000 0.0000000000
-1  32.000  -8.000  -22.000 0.0000000000
-1  31.000  -8.000  -22.000 0.0000000000
-1  30.000  -8.000  -22.000 0.0000000000
-1  29.000  -8.000  -22.000 0.0000000000
-1  28.000  -8.000  -22.000 0.0000000000
-1  27.000  -8.000  -22.000 0.0000000000
-1  26.000  -8.000  -22.000 0.0000000000
-1  22.000  -8.000  -22.000 0.0000000000
-1  31.000  -8.000  -23.000 0.0000000000
-1  30.000  -8.000  -23.000 0.0000000000
-1  29.000  -8.000  -23.000 0.0000000000
-1  28.000  -8.000  -23.000 0.0000000000
-1  31.000  -8.000  -24.000 0.0000000000
-1  30.000  -8.000  -24.000 0.0000000000
-1  31.000  -8.000  -25.000 0.0000000000
-1  24.000  -7.000  -11.000 0.0000000000
-1  23.000  -7.000  -11.000 0.0000000000
-1  22.000  -7.000  -11.000 0.0000000000
-1  21.000  -7.000  -11.000 0.0000000000
-1  26.000  -7.000  -12.000 0.0000000000
-1  25.000  -7.000  -12.000 0.0000000000
-1  24.000  -7.000  -12.000 0.0000000000
-1  23.000  -7.000  -12.000 0.0000000000
-1  22.000  -7.000  -12.000 0.0000000000
-1  21.000  -7.000  -12.000 0.0000000000
-1  20.000  -7.000  -12.000 0.0000000000
-1  27.000  -7.000  -13.000 0.0000000000
-1  26.000  -7.000  -13.000 0.0000000000
-1  25.000  -7.000  -13.000 0.0000000000
-1  24.000  -7.000  -13.000 0.0000000000
-1  23.000  -7.000  -13.000 0.0000000000
-1  22.000  -7.000  -13.000 0.0000000000
-1  21.000  -7.000  -13.000 0.0000000000
-1  20.000  -7.000  -13.000 0.0000000000
-1  19.000  -7.000  -13.000 0.0000000000
-1  29.000  -7.000  -14.000 0.0000000000
-1  28.000  -7.000  -14.000 0.0000000000
-1  27.000  -7.000  -14.000 0.0000000000
-1  26.000  -7.000  -14.000 0.0000000000
-1  25.000  -7.000  -14.000 0.0000000000
-1  24.000  -7.000  -14.000 0.0000000000
-1  23.000  -7.000  -14.000 0.0000000000
-1  22.000  -7.000  -14.000 0.0000000000
-1  21.000  -7.000  -14.000 0.0000000000
-1  20.000  -7.000  -14.000 0.0000000000
-1  19.000  -7.000  -14.000 0.0000000000
-1  18.000  -7.000  -14.000 0.0000000000
-1  29.000  -7.000  -15.000 0.0000000000
-1  28.000  -7.000  -15.000 0.0000000000
-1  27.000  -7.000  -15.000 0.0000000000
-1  26.000  -7.000  -15.000 0.0000000000
-1  25.000  -7.000  -15.000 0.0000000000
-1  24.000  -7.000  -15.000 0.0000000000
-1  23.000  -7.000  -15.000 0.0000000000
-1  22.000  -7.000  -15.000 0.0000000000
-1  21.000  -7.000  -15.000 0.0000000000
-1  20.000  -7.000  -15.000 0.0000000000
-1  19.000  -7.000  -15.000 0.0000000000
-1  18.000  -7.000  -15.000 0.0000000000
-1  30.000  -7.000  -16.000 0.0000000000
-1  29.000  -7.000  -16.000 0.0000000000
-1  28.000  -7.000  -16.000 0.0000000000
-1  27.000  -7.000  -16.000 0.0000000000
-1  26.000  -7.000  -16.000 0.0000000000
-1  25.000  -7.000  -16.000 0.0000000000
-1  24.000  -7.000  -16.000 0.0000000000
-1  23.000  -7.000  -16.000 0.0000000000
-1  22.000  -7.000  -16.000 0.0000000000
-1  21.000  -7.000  -16.000 0.0000000000
-1  20.000  -7.000  -16.000 0.0000000000
-1  19.000  -7.000  -16.000 0.0000000000
-1  18.000  -7.000  -16.000 0.0000000000
-1  17.000  -7.000  -16.000 0.0000000000
-1  30.000  -7.000  -17.000 0.0000000000
-1  29.000  -7.000  -17.000 0.0000000000
-1  28.000  -7.000  -17.000 0.0000000000
-1  27.000  -7.000  -17.000 0.0000000000
-1  26.000  -7.000  -17.000 0.0000000000
-1  25.000  -7.000  -17.000 0.0000000000
-1  24.000  -7.000  -17.000 0.0000000000
-1  23.000  -7.000  -17.000 0.0000000000
-1  22.000  -7.000  -17.000 0.0000000000
-1  21.000  -7.000  -17.000 0.0000000000
-1  20.000  -7.000  -17.000 0.0000000000
-1  19.000  -7.000  -17.000 0.0000000000
-1  18.000  -7.000  -17.000 0.0000000000
-1  17.000  -7.000  -17.000 0.0000000000
-1  31.000  -7.000  -18.000 0.0000000000
-1  30.000  -7.000  -18.000 0.0000000000
-1  29.000  -7.000  -18.000 0.0000000000
-1  28.000  -7.000  -18.000 0.0000000000
-1  27.000  -7.000  -18.000 0.0000000000
-1  26.000  -7.000  -18.000 0.0000000000
-1  25.000  -7.000  -18.000 0.0000000000
-1  24.000  -7.000  -18.000 0.0000000000
-1  23.000  -7.000  -18.000 0.0000000000
-1  22.000  -7.000  -18.000 0.0000000000
-1  21.000  -7.000  -18.000 0.0000000000
-1  20.000  -7.000  -18.000 0.0000000000
-1  19.000  -7.000  -18.000 0.0000000000
-1  18.000  -7.000  -18.000 0.0000000000
-1  17.000  -7.000  -18.000 0.0000000000
-1  16.000  -7.000  -18.000 0.0000000000
-1  33.000  -7.000  -19.000 0.0000000000
-1  32.000  -7.000  -19.000 0.0000000000
-1  31.000  -7.000  -19.000 0.0000000000
-1  30.000  -7.000  -19.000 0.0000000000
-1  29.000  -7.000  -19.000 0.0000000000
-1  28.000  -7.000  -19.000 0.0000000000
-1  27.000  -7.000  -19.000 0.0000000000
-1  26.000  -7.000  -19.000 0.0000000000
-1  25.000  -7.000  -19.000 0.0000000000
-1  24.000  -7.000  -19.000 0.0000000000
-1  23.000  -7.000  -19.000 0.0000000000
-1  22.000  -7.000  -19.000 0.0000000000
-1  21.000  -7.000  -19.000 0.0000000000
-1  20.000  -7.000  -19.000 0.0000000000
-1  19.000  -7.000  -19.000 0.0000000000
-1  18.000  -7.000  -19.000 0.0000000000
-1  17.000  -7.000  -19.000 0.0000000000
-1  16.000  -7.000  -19.000 0.0000000000
-1  15.000  -7.000  -19.000 0.0000000000
-1  33.000  -7.000  -20.000 0.0000000000
-1  32.000  -7.000  -20.000 0.0000000000
-1  31.000  -7.000  -20.000 0.0000000000
-1  30.000  -7.000  -20.000 0.0000000000
-1  29.000  -7.000  -20.000 0.0000000000
-1  28.000  -7.000  -20.000 0.0000000000
-1  27.000  -7.000  -20.000 0.0000000000
-1  26.000  -7.000  -20.000 0.0000000000
-1  25.000  -7.000  -20.000 0.0000000000
-1  24.000  -7.000  -20.000 0.0000000000
-1  23.000  -7.000  -20.000 0.0000000000
-1  22.000  -7.000  -20.000 0.0000000000
-1  21.000  -7.000  -20.000 0.0000000000
-1  20.000  -7.000  -20.000 0.0000000000
-1  19.000  -7.000  -20.000 0.0000000000
-1  18.000  -7.000  -20.000 0.0000000000
-1  17.000  -7.000  -20.000 0.0000000000
-1  16.000  -7.000  -20.000 0.0000000000
-1  15.000  -7.000  -20.000 0.0000000000
-1  33.000  -7.000  -21.000 0.0000000000
-1  32.000  -7.000  -21.000 0.0000000000
-1  31.000  -7.000  -21.000 0.0000000000
-1  30.000  -7.000  -21.000 0.0000000000
-1  29.000  -7.000  -21.000 0.0000000000
-1  28.000  -7.000  -21.000 0.0000000000
-1  27.000  -7.000  -21.000 0.0000000000
-1  26.000  -7.000  -21.000 0.0000000000
-1  25.000  -7.000  -21.000 0.0000000000
-1  24.000  -7.000  -21.000 0.0000000000
-1  23.000  -7.000  -21.000 0.0000000000
-1  22.000  -7.000  -21.000 0.0000000000
-1  21.000  -7.000  -21.000 0.0000000000
-1  20.000  -7.000  -21.000 0.0000000000
-1  19.000  -7.000  -21.000 0.0000000000
-1  18.000  -7.000  -21.000 0.0000000000
-1  17.000  -7.000  -21.000 0.0000000000
-1  16.000  -7.000  -21.000 0.0000000000
-1  34.000  -7.000  -22.000 0.0000000000
-1  33.000  -7.000  -22.000 0.0000000000
-1  32.000  -7.000  -22.000 0.0000000000
-1  31.000  -7.000  -22.000 0.0000000000
-1  30.000  -7.000  -22.000 0.0000000000
-1  29.000  -7.000  -22.000 0.0000000000
-1  28.000  -7.000  -22.000 0.0000000000
-1  27.000  -7.000  -22.000 0.0000000000
-1  26.000  -7.000  -22.000 0.0000000000
-1  25.000  -7.000  -22.000 0.0000000000
-1  24.000  -7.000  -22.000 0.0000000000
-1  23.000  -7.000  -22.000 0.0000000000
-1  22.000  -7.000  -22.000 0.0000000000
-1  21.000  -7.000  -22.000 0.0000000000
-1  20.000  -7.000  -22.000 0.0000000000
-1  19.000  -7.000  -22.000 0.0000000000
-1  18.000  -7.000  -22.000 0.0000000000
-1  17.000  -7.000  -22.000 0.0000000000
-1  16.000  -7.000  -22.000 0.0000000000
-1  34.000  -7.000  -23.000 0.0000000000
-1  33.000  -7.000  -23.000 0.0000000000
-1  32.000  -7.000  -23.000 0.0000000000
-1  31.000  -7.000  -23.000 0.0000000000
-1  30.000  -7.000  -23.000 0.0000000000
-1  29.000  -7.000  -23.000 0.0000000000
-1  28.000  -7.000  -23.000 0.0000000000
-1  27.000  -7.000  -23.000 0.0000000000
-1  26.000  -7.000  -23.000 0.0000000000
-1  25.000  -7.000  -23.000 0.0000000000
-1  24.000  -7.000  -23.000 0.0000000000
-1  23.000  -7.000  -23.000 0.0000000000
-1  22.000  -7.000  -23.000 0.0000000000
-1  21.000  -7.000  -23.000 0.0000000000
-1  20.000  -7.000  -23.000 0.0000000000
-1  19.000  -7.000  -23.000 0.0000000000
-1  18.000  -7.000  -23.000 0.0000000000
-1  17.000  -7.000  -23.000 0.0000000000
-1  34.000  -7.000  -24.000 0.0000000000
-1  33.000  -7.000  -24.000 0.0000000000
-1  32.000  -7.000  -24.000 0.0000000000
-1  31.000  -7.000  -24.000 0.0000000000
-1  30.000  -7.000  -24.000 0.0000000000
-1  29.000  -7.000  -24.000 0.0000000000
-1  28.000  -7.000  -24.000 0.0000000000
-1  27.000  -7.000  -24.000 0.0000000000
-1  26.000  -7.000  -24.000 0.0000000000
-1  25.000  -7.000  -24.000 0.0000000000
-1  24.000  -7.000  -24.000 0.0000000000
-1  23.000  -7.000  -24.000 0.0000000000
-1  22.000  -7.000  -24.000 0.0000000000
-1  21.000  -7.000  -24.000 0.0000000000
-1  20.000  -7.000  -24.000 0.0000000000
-1  19.000  -7.000  -24.000 0.0000000000
-1  18.000  -7.000  -24.000 0.0000000000
-1  34.000  -7.000  -25.000 0.0000000000
-1  32.000  -7.000  -25.000 0.0000000000
-1  31.000  -7.000  -25.000 0.0000000000
-1  30.000  -7.000  -25.000 0.0000000000
-1  29.000  -7.000  -25.000 0.0000000000
-1  28.000  -7.000  -25.000 0.0000000000
-1  27.000  -7.000  -25.000 0.0000000000
-1  26.000  -7.000  -25.000 0.0000000000
-1  25.000  -7.000  -25.000 0.0000000000
-1  24.000  -7.000  -25.000 0.0000000000
-1  23.000  -7.000  -25.000 0.0000000000
-1  22.000  -7.000  -25.000 0.0000000000
-1  21.000  -7.000  -25.000 0.0000000000
-1  20.000  -7.000  -25.000 0.0000000000
-1  19.000  -7.000  -25.000 0.0000000000
-1  18.000  -7.000  -25.000 0.0000000000
-1  31.000  -7.000  -26.000 0.0000000000
-1  30.000  -7.000  -26.000 0.0000000000
-1  29.000  -7.000  -26.000 0.0000000000
-1  28.000  -7.000  -26.000 0.0000000000
-1  27.000  -7.000  -26.000 0.0000000000
-1  26.000  -7.000  -26.000 0.0000000000
-1  25.000  -7.000  -26.000 0.0000000000
-1  24.000  -7.000  -26.000 0.0000000000
-1  23.000  -7.000  -26.000 0.0000000000
-1  22.000  -7.000  -26.000 0.0000000000
-1  21.000  -7.000  -26.000 0.0000000000
-1  20.000  -7.000  -26.000 0.0000000000
-1  19.000  -7.000  -26.000 0.0000000000
-1  31.000  -7.000  -27.000 0.0000000000
-1  30.000  -7.000  -27.000 0.0000000000
-1  29.000  -7.000  -27.000 0.0000000000
-1  28.000  -7.000  -27.000 0.0000000000
-1  27.000  -7.000  -27.000 0.0000000000
-1  26.000  -7.000  -27.000 0.0000000000
-1  25.000  -7.000  -27.000 0.0000000000
-1  24.000  -7.000  -27.000 0.0000000000
-1  23.000  -7.000  -27.000 0.0000000000
-1  22.000  -7.000  -27.000 0.0000000000
-1  21.000  -7.000  -27.000 0.0000000000
-1  20.000  -7.000  -27.000 0.0000000000
-1  19.000  -7.000  -27.000 0.0000000000
-1  31.000  -7.000  -28.000 0.0000000000
-1  30.000  -7.000  -28.000 0.0000000000
-1  29.000  -7.000  -28.000 0.0000000000
-1  28.000  -7.000  -28.000 0.0000000000
-1  27.000  -7.000  -28.000 0.0000000000
-1  26.000  -7.000  -28.000 0.0000000000
-1  25.000  -7.000  -28.000 0.0000000000
-1  24.000  -7.000  -28.000 0.0000000000
-1  23.000  -7.000  -28.000 0.0000000000
-1  22.000  -7.000  -28.000 0.0000000000
-1  21.000  -7.000  -28.000 0.0000000000
-1  30.000  -7.000  -29.000 0.0000000000
-1  29.000  -7.000  -29.000 0.0000000000
-1  28.000  -7.000  -29.000 0.0000000000
-1  27.000  -7.000  -29.000 0.0000000000
-1  26.000  -7.000  -29.000 0.0000000000
-1  25.000  -7.000  -29.000 0.0000000000
-1  24.000  -7.000  -29.000 0.0000000000
-1  23.000  -7.000  -29.000 0.0000000000
-1  22.000  -7.000  -29.000 0.0000000000
-1  29.000  -7.000  -30.000 0.0000000000
-1  28.000  -7.000  -30.000 0.0000000000
-1  27.000  -7.000  -30.000 0.0000000000
-1  26.000  -7.000  -30.000 0.0000000000
-1  25.000  -7.000  -30.000 0.0000000000
-1  24.000  -7.000  -30.000 0.0000000000
-1  23.000  -7.000  -30.000 0.0000000000
-1  27.000  -7.000  -31.000 0.0000000000
-1  26.000  -7.000  -31.000 0.0000000000
-1  25.000  -7.000  -31.000 0.0000000000
-1  24.000  -7.000  -31.000 0.0000000000
-1  25.000  -6.000  -12.000 0.0000000000
-1  24.000  -6.000  -12.000 0.0000000000
-1  23.000  -6.000  -12.000 0.0000000000
-1  22.000  -6.000  -12.000 0.0000000000
-1  21.000  -6.000  -12.000 0.0000000000
-1  20.000  -6.000  -12.000 0.0000000000
-1  27.000  -6.000  -13.000 0.0000000000
-1  26.000  -6.000  -13.000 0.0000000000
-1  25.000  -6.000  -13.000 0.0000000000
-1  24.000  -6.000  -13.000 0.0000000000
-1  23.000  -6.000  -13.000 0.0000000000
-1  22.000  -6.000  -13.000 0.0000000000
-1  21.000  -6.000  -13.000 0.0000000000
-1  20.000  -6.000  -13.000 0.0000000000
-1  19.000  -6.000  -13.000 0.0000000000
-1  28.000  -6.000  -14.000 0.0000000000
-1  27.000  -6.000  -14.000 0.0000000000
-1  26.000  -6.000  -14.000 0.0000000000
-1  25.000  -6.000  -14.000 0.0000000000
-1  24.000  -6.000  -14.000 0.0000000000
-1  23.000  -6.000  -14.000 0.0000000000
-1  22.000  -6.000  -14.000 0.0000000000
-1  21.000  -6.000  -14.000 0.0000000000
-1  20.000  -6.000  -14.000 0.0000000000
-1  19.000  -6.000  -14.000 0.0000000000
-1  29.000  -6.000  -15.000 0.0000000000
-1  28.000  -6.000  -15.000 0.0000000000
-1  27.000  -6.000  -15.000 0.0000000000
-1  26.000  -6.000  -15.000 0.0000000000
-1  25.000  -6.000  -15.000 0.0000000000
-1  24.000  -6.000  -15.000 0.0000000000
-1  23.000  -6.000  -15.000 0.0000000000
-1  22.000  -6.000  -15.000 0.0000000000
-1  21.000  -6.000  -15.000 0.0000000000
-1  20.000  -6.000  -15.000 0.0000000000
-1  19.000  -6.000  -15.000 0.0000000000
-1  18.000  -6.000  -15.000 0.0000000000
-1  30.000  -6.000  -16.000 0.0000000000
-1  29.000  -6.000  -16.000 0.0000000000
-1  28.000  -6.000  -16.000 0.0000000000
-1  27.000  -6.000  -16.000 0.0000000000
-1  26.000  -6.000  -16.000 0.0000000000
-1  25.000  -6.000  -16.000 0.0000000000
-1  24.000  -6.000  -16.000 0.0000000000
-1  23.000  -6.000  -16.000 0.0000000000
-1  22.000  -6.000  -16.000 0.0000000000
-1  21.000  -6.000  -16.000 0.0000000000
-1  20.000  -6.000  -16.000 0.0000000000
-1  19.000  -6.000  -16.000 0.0000000000
-1  18.000  -6.000  -16.000 0.0000000000
-1  30.000  -6.000  -17.000 0.0000000000
-1  29.000  -6.000  -17.000 0.0000000000
-1  28.000  -6.000  -17.000 0.0000000000
-1  27.000  -6.000  -17.000 0.0000000000
-1  26.000  -6.000  -17.000 0.0000000000
-1  25.000  -6.000  -17.000 0.0000000000
-1  24.000  -6.000  -17.000 0.0000000000
-1  23.000  -6.000  -17.000 0.0000000000
-1  22.000  -6.000  -17.000 0.0000000000
-1  21.000  -6.000  -17.000 0.0000000000
-1  20.000  -6.000  -17.000 0.0000000000
-1  19.000  -6.000  -17.000 0.0000000000
-1  18.000  -6.000  -17.000 0.0000000000
-1  17.000  -6.000  -17.000 0.0000000000
-1  32.000  -6.000  -18.000 0.0000000000
-1  31.000  -6.000  -18.000 0.0000000000
-1  30.000  -6.000  -18.000 0.0000000000
-1  29.000  -6.000  -18.000 0.0000000000
-1  28.000  -6.000  -18.000 0.0000000000
-1  27.000  -6.000  -18.000 0.0000000000
-1  26.000  -6.000  -18.000 0.0000000000
-1  25.000  -6.000  -18.000 0.0000000000
-1  24.000  -6.000  -18.000 0.0000000000
-1  23.000  -6.000  -18.000 0.0000000000
-1  22.000  -6.000  -18.000 0.0000000000
-1  21.000  -6.000  -18.000 0.0000000000
-1  20.000  -6.000  -18.000 0.0000000000
-1  19.000  -6.000  -18.000 0.0000000000
-1  18.000  -6.000  -18.000 0.0000000000
-1  17.000  -6.000  -18.000 0.0000000000
-1  33.000  -6.000  -19.000 0.0000000000
-1  32.000  -6.000  -19.000 0.0000000000
-1  31.000  -6.000  -19.000 0.0000000000
-1  30.000  -6.000  -19.000 0.0000000000
-1  29.000  -6.000  -19.000 0.0000000000
-1  28.000  -6.000  -19.000 0.0000000000
-1  27.000  -6.000  -19.000 0.0000000000
-1  26.000  -6.000  -19.000 0.0000000000
-1  25.000  -6.000  -19.000 0.0000000000
-1  24.000  -6.000  -19.000 0.0000000000
-1  23.000  -6.000  -19.000 0.0000000000
-1  22.000  -6.000  -19.000 0.0000000000
-1  21.000  -6.000  -19.000 0.0000000000
-1  20.000  -6.000  -19.000 0.0000000000
-1  19.000  -6.000  -19.000 0.0000000000
-1  18.000  -6.000  -19.000 0.0000000000
-1  17.000  -6.000  -19.000 0.0000000000
-1  16.000  -6.000  -19.000 0.0000000000
-1  33.000  -6.000  -20.000 0.0000000000
-1  32.000  -6.000  -20.000 0.0000000000
-1  31.000  -6.000  -20.000 0.0000000000
-1  30.000  -6.000  -20.000 0.0000000000
-1  29.000  -6.000  -20.000 0.0000000000
-1  28.000  -6.000  -20.000 0.0000000000
-1  27.000  -6.000  -20.000 0.0000000000
-1  26.000  -6.000  -20.000 0.0000000000
-1  25.000  -6.000  -20.000 0.0000000000
-1  24.000  -6.000  -20.000 0.0000000000
-1  23.000  -6.000  -20.000 0.0000000000
-1  22.000  -6.000  -20.000 0.0000000000
-1  21.000  -6.000  -20.000 0.0000000000
-1  20.000  -6.000  -20.000 0.0000000000
-1  19.000  -6.000  -20.000 0.0000000000
-1  18.000  -6.000  -20.000 0.0000000000
-1  17.000  -6.000  -20.000 0.0000000000
-1  16.000  -6.000  -20.000 0.0000000000
-1  33.000  -6.000  -21.000 0.0000000000
-1  32.000  -6.000  -21.000 0.0000000000
-1  31.000  -6.000  -21.000 0.0000000000
-1  30.000  -6.000  -21.000 0.0000000000
-1  29.000  -6.000  -21.000 0.0000000000
-1  28.000  -6.000  -21.000 0.0000000000
-1  27.000  -6.000  -21.000 0.0000000000
-1  26.000  -6.000  -21.000 0.0000000000
-1  25.000  -6.000  -21.000 0.0000000000
-1  24.000  -6.000  -21.000 0.0000000000
-1  23.000  -6.000  -21.000 0.0000000000
-1  22.000  -6.000  -21.000 0.0000000000
-1  21.000  -6.000  -21.000 0.0000000000
-1  20.000  -6.000  -21.000 0.0000000000
-1  19.000  -6.000  -21.000 0.0000000000
-1  18.000  -6.000  -21.000 0.0000000000
-1  17.000  -6.000  -21.000 0.0000000000
-1  16.000  -6.000  -21.000 0.0000000000
-1  34.000  -6.000  -22.000 0.0000000000
-1  33.000  -6.000  -22.000 0.0000000000
-1  32.000  -6.000  -22.000 0.0000000000
-1  31.000  -6.000  -22.000 0.0000000000
-1  30.000  -6.000  -22.000 0.0000000000
-1  29.000  -6.000  -22.000 0.0000000000
-1  28.000  -6.000  -22.000 0.0000000000
-1  27.000  -6.000  -22.000 0.0000000000
-1  26.000  -6.000  -22.000 0.0000000000
-1  25.000  -6.000  -22.000 0.0000000000
-1  24.000  -6.000  -22.000 0.0000000000
-1  23.000  -6.000  -22.000 0.0000000000
-1  22.000  -6.000  -22.000 0.0000000000
-1  21.000  -6.000  -22.000 0.0000000000
-1  20.000  -6.000  -22.000 0.0000000000
-1  19.000  -6.000  -22.000 0.0000000000
-1  18.000  -6.000  -22.000 0.0000000000
-1  17.000  -6.000  -22.000 0.0000000000
-1  16.000  -6.000  -22.000 0.0000000000
-1  34.000  -6.000  -23.000 0.0000000000
-1  33.000  -6.000  -23.000 0.0000000000
-1  32.000  -6.000  -23.000 0.0000000000
-1  31.000  -6.000  -23.000 0.0000000000
-1  30.000  -6.000  -23.000 0.0000000000
-1  29.000  -6.000  -23.000 0.0000000000
-1  28.000  -6.000  -23.000 0.0000000000
-1  27.000  -6.000  -23.000 0.0000000000
-1  26.000  -6.000  -23.000 0.0000000000
-1  25.000  -6.000  -23.000 0.0000000000
-1  24.000  -6.000  -23.000 0.0000000000
-1  23.000  -6.000  -23.000 0.0000000000
-1  22.000  -6.000  -23.000 0.0000000000
-1  21.000  -6.000  -23.000 0.0000000000
-1  20.000  -6.000  -23.000 0.0000000000
-1  19.000  -6.000  -23.000 0.0000000000
-1  18.000  -6.000  -23.000 0.0000000000
-1  17.000  -6.000  -23.000 0.0000000000
-1  34.000  -6.000  -24.000 0.0000000000
-1  33.000  -6.000  -24.000 0.0000000000
-1  32.000  -6.000  -24.000 0.0000000000
-1  31.000  -6.000  -24.000 0.0000000000
-1  30.000  -6.000  -24.000 0.0000000000
-1  29.000  -6.000  -24.000 0.0000000000
-1  28.000  -6.000  -24.000 0.0000000000
-1  27.000  -6.000  -24.000 0.0000000000
-1  26.000  -6.000  -24.000 0.0000000000
-1  25.000  -6.000  -24.000 0.0000000000
-1  24.000  -6.000  -24.000 0.0000000000
-1  23.000  -6.000  -24.000 0.0000000000
-1  22.000  -6.000  -24.000 0.0000000000
-1  21.000  -6.000  -24.000 0.0000000000
-1  20.000  -6.000  -24.000 0.0000000000
-1  19.000  -6.000  -24.000 0.0000000000
-1  18.000  -6.000  -24.000 0.0000000000
-1  17.000  -6.000  -24.000 0.0000000000
-1  34.000  -6.000  -25.000 0.0000000000
-1  33.000  -6.000  -25.000 0.0000000000
-1  32.000  -6.000  -25.000 0.0000000000
-1  31.000  -6.000  -25.000 0.0000000000
-1  30.000  -6.000  -25.000 0.0000000000
-1  29.000  -6.000  -25.000 0.0000000000
-1  28.000  -6.000  -25.000 0.0000000000
-1  27.000  -6.000  -25.000 0.0000000000
-1  26.000  -6.000  -25.000 0.0000000000
-1  25.000  -6.000  -25.000 0.0000000000
-1  24.000  -6.000  -25.000 0.0000000000
-1  23.000  -6.000  -25.000 0.0000000000
-1  22.000  -6.000  -25.000 0.0000000000
-1  21.000  -6.000  -25.000 0.0000000000
-1  20.000  -6.000  -25.000 0.0000000000
-1  19.000  -6.000  -25.000 0.0000000000
-1  18.000  -6.000  -25.000 0.0000000000
-1  34.000  -6.000  -26.000 0.0000000000
-1  33.000  -6.000  -26.000 0.0000000000
-1  32.000  -6.000  -26.000 0.0000000000
-1  31.000  -6.000  -26.000 0.0000000000
-1  30.000  -6.000  -26.000 0.0000000000
-1  29.000  -6.000  -26.000 0.0000000000
-1  28.000  -6.000  -26.000 0.0000000000
-1  27.000  -6.000  -26.000 0.0000000000
-1  26.000  -6.000  -26.000 0.0000000000
-1  25.000  -6.000  -26.000 0.0000000000
-1  24.000  -6.000  -26.000 0.0000000000
-1  23.000  -6.000  -26.000 0.0000000000
-1  22.000  -6.000  -26.000 0.0000000000
-1  21.000  -6.000  -26.000 0.0000000000
-1  20.000  -6.000  -26.000 0.0000000000
-1  19.000  -6.000  -26.000 0.0000000000
-1  33.000  -6.000  -27.000 0.0000000000
-1  32.000  -6.000  -27.000 0.0000000000
-1  31.000  -6.000  -27.000 0.0000000000
-1  30.000  -6.000  -27.000 0.0000000000
-1  29.000  -6.000  -27.000 0.0000000000
-1  28.000  -6.000  -27.000 0.0000000000
-1  27.000  -6.000  -27.000 0.0000000000
-1  26.000  -6.000  -27.000 0.0000000000
-1  25.000  -6.000  -27.000 0.0000000000
-1  24.000  -6.000  -27.000 0.0000000000
-1  23.000  -6.000  -27.000 0.0000000000
-1  22.000  -6.000  -27.000 0.0000000000
-1  21.000  -6.000  -27.000 0.0000000000
-1  20.000  -6.000  -27.000 0.0000000000
-1  19.000  -6.000  -27.000 0.0000000000
-1  32.000  -6.000  -28.000 0.0000000000
-1  31.000  -6.000  -28.000 0.0000000000
-1  30.000  -6.000  -28.000 0.0000000000
-1  29.000  -6.000  -28.000 0.0000000000
-1  28.000  -6.000  -28.000 0.0000000000
-1  27.000  -6.000  -28.000 0.0000000000
-1  26.000  -6.000  -28.000 0.0000000000
-1  25.000  -6.000  -28.000 0.0000000000
-1  24.000  -6.000  -28.000 0.0000000000
-1  23.000  -6.000  -28.000 0.0000000000
-1  22.000  -6.000  -28.000 0.0000000000
-1  21.000  -6.000  -28.000 0.0000000000
-1  20.000  -6.000  -28.000 0.0000000000
-1  19.000  -6.000  -28.000 0.0000000000
-1  31.000  -6.000  -29.000 0.0000000000
-1  30.000  -6.000  -29.000 0.0000000000
-1  29.000  -6.000  -29.000 0.0000000000
-1  28.000  -6.000  -29.000 0.0000000000
-1  27.000  -6.000  -29.000 0.0000000000
-1  26.000  -6.000  -29.000 0.0000000000
-1  25.000  -6.000  -29.000 0.0000000000
-1  24.000  -6.000  -29.000 0.0000000000
-1  23.000  -6.000  -29.000 0.0000000000
-1  22.000  -6.000  -29.000 0.0000000000
-1  21.000  -6.000  -29.000 0.0000000000
-1  31.000  -6.000  -30.000 0.0000000000
-1  30.000  -6.000  -30.000 0.0000000000
-1  29.000  -6.000  -30.000 0.0000000000
-1  28.000  -6.000  -30.000 0.0000000000
-1  27.000  -6.000  -30.000 0.0000000000
-1  26.000  -6.000  -30.000 0.0000000000
-1  25.000  -6.000  -30.000 0.0000000000
-1  24.000  -6.000  -30.000 0.0000000000
-1  23.000  -6.000  -30.000 0.0000000000
-1  22.000  -6.000  -30.000 0.0000000000
-1  29.000  -6.000  -31.000 0.0000000000
-1  28.000  -6.000  -31.000 0.0000000000
-1  27.000  -6.000  -31.000 0.0000000000
-1  26.000  -6.000  -31.000 0.0000000000
-1  25.000  -6.000  -31.000 0.0000000000
-1  24.000  -6.000  -31.000 0.0000000000
-1  23.000  -6.000  -31.000 0.0000000000
-1  26.000  -5.000  -13.000 0.0000000000
-1  24.000  -5.000  -13.000 0.0000000000
-1  23.000  -5.000  -13.000 0.0000000000
-1  22.000  -5.000  -13.000 0.0000000000
-1  28.000  -5.000  -14.000 0.0000000000
-1  27.000  -5.000  -14.000 0.0000000000
-1  26.000  -5.000  -14.000 0.0000000000
-1  25.000  -5.000  -14.000 0.0000000000
-1  24.000  -5.000  -14.000 0.0000000000
-1  23.000  -5.000  -14.000 0.0000000000
-1  22.000  -5.000  -14.000 0.0000000000
-1  21.000  -5.000  -14.000 0.0000000000
-1  20.000  -5.000  -14.000 0.0000000000
-1  28.000  -5.000  -15.000 0.0000000000
-1  27.000  -5.000  -15.000 0.0000000000
-1  26.000  -5.000  -15.000 0.0000000000
-1  25.000  -5.000  -15.000 0.0000000000
-1  24.000  -5.000  -15.000 0.0000000000
-1  23.000  -5.000  -15.000 0.0000000000
-1  22.000  -5.000  -15.000 0.0000000000
-1  21.000  -5.000  -15.000 0.0000000000
-1  20.000  -5.000  -15.000 0.0000000000
-1  19.000  -5.000  -15.000 0.0000000000
-1  29.000  -5.000  -16.000 0.0000000000
-1  28.000  -5.000  -16.000 0.0000000000
-1  27.000  -5.000  -16.000 0.0000000000
-1  26.000  -5.000  -16.000 0.0000000000
-1  25.000  -5.000  -16.000 0.0000000000
-1  24.000  -5.000  -16.000 0.0000000000
-1  23.000  -5.000  -16.000 0.0000000000
-1  22.000  -5.000  -16.000 0.0000000000
-1  21.000  -5.000  -16.000 0.0000000000
-1  20.000  -5.000  -16.000 0.0000000000
-1  19.000  -5.000  -16.000 0.0000000000
-1  18.000  -5.000  -16.000 0.0000000000
-1  31.000  -5.000  -17.000 0.0000000000
-1  30.000  -5.000  -17.000 0.0000000000
-1  29.000  -5.000  -17.000 0.0000000000
-1  28.000  -5.000  -17.000 0.0000000000
-1  27.000  -5.000  -17.000 0.0000000000
-1  26.000  -5.000  -17.000 0.0000000000
-1  25.000  -5.000  -17.000 0.0000000000
-1  24.000  -5.000  -17.000 0.0000000000
-1  23.000  -5.000  -17.000 0.0000000000
-1  22.000  -5.000  -17.000 0.0000000000
-1  21.000  -5.000  -17.000 0.0000000000
-1  20.000  -5.000  -17.000 0.0000000000
-1  19.000  -5.000  -17.000 0.0000000000
-1  18.000  -5.000  -17.000 0.0000000000
-1  32.000  -5.000  -18.000 0.0000000000
-1  31.000  -5.000  -18.000 0.0000000000
-1  30.000  -5.000  -18.000 0.0000000000
-1  29.000  -5.000  -18.000 0.0000000000
-1  28.000  -5.000  -18.000 0.0000000000
-1  27.000  -5.000  -18.000 0.0000000000
-1  26.000  -5.000  -18.000 0.0000000000
-1  25.000  -5.000  -18.000 0.0000000000
-1  24.000  -5.000  -18.000 0.0000000000
-1  23.000  -5.000  -18.000 0.0000000000
-1  22.000  -5.000  -18.000 0.0000000000
-1  21.000  -5.000  -18.000 0.0000000000
-1  20.000  -5.000  -18.000 0.0000000000
-1  19.000  -5.000  -18.000 0.0000000000
-1  18.000  -5.000  -18.000 0.0000000000
-1  17.000  -5.000  -18.000 0.0000000000
-1  33.000  -5.000  -19.000 0.0000000000
-1  32.000  -5.000  -19.000 0.0000000000
-1  31.000  -5.000  -19.000 0.0000000000
-1  30.000  -5.000  -19.000 0.0000000000
-1  29.000  -5.000  -19.000 0.0000000000
-1  28.000  -5.000  -19.000 0.0000000000
-1  27.000  -5.000  -19.000 0.0000000000
-1  26.000  -5.000  -19.000 0.0000000000
-1  25.000  -5.000  -19.000 0.0000000000
-1  24.000  -5.000  -19.000 0.0000000000
-1  23.000  -5.000  -19.000 0.0000000000
-1  22.000  -5.000  -19.000 0.0000000000
-1  21.000  -5.000  -19.000 0.0000000000
-1  20.000  -5.000  -19.000 0.0000000000
-1  19.000  -5.000  -19.000 0.0000000000
-1  18.000  -5.000  -19.000 0.0000000000
-1  17.000  -5.000  -19.000 0.0000000000
-1  16.000  -5.000  -19.000 0.0000000000
-1  33.000  -5.000  -20.000 0.0000000000
-1  32.000  -5.000  -20.000 0.0000000000
-1  31.000  -5.000  -20.000 0.0000000000
-1  30.000  -5.000  -20.000 0.0000000000
-1  29.000  -5.000  -20.000 0.0000000000
-1  28.000  -5.000  -20.000 0.0000000000
-1  27.000  -5.000  -20.000 0.0000000000
-1  26.000  -5.000  -20.000 0.0000000000
-1  25.000  -5.000  -20.000 0.0000000000
-1  24.000  -5.000  -20.000 0.0000000000
-1  23.000  -5.000  -20.000 0.0000000000
-1  22.000  -5.000  -20.000 0.0000000000
-1  21.000  -5.000  -20.000 0.0000000000
-1  20.000  -5.000  -20.000 0.0000000000
-1  19.000  -5.000  -20.000 0.0000000000
-1  18.000  -5.000  -20.000 0.0000000000
-1  17.000  -5.000  -20.000 0.0000000000
-1  16.000  -5.000  -20.000 0.0000000000
-1  33.000  -5.000  -21.000 0.0000000000
-1  32.000  -5.000  -21.000 0.0000000000
-1  31.000  -5.000  -21.000 0.0000000000
-1  30.000  -5.000  -21.000 0.0000000000
-1  29.000  -5.000  -21.000 0.0000000000
-1  28.000  -5.000  -21.000 0.0000000000
-1  27.000  -5.000  -21.000 0.0000000000
-1  26.000  -5.000  -21.000 0.0000000000
-1  25.000  -5.000  -21.000 0.0000000000
-1  24.000  -5.000  -21.000 0.0000000000
-1  23.000  -5.000  -21.000 0.0000000000
-1  22.000  -5.000  -21.000 0.0000000000
-1  21.000  -5.000  -21.000 0.0000000000
-1  20.000  -5.000  -21.000 0.0000000000
-1  19.000  -5.000  -21.000 0.0000000000
-1  18.000  -5.000  -21.000 0.0000000000
-1  17.000  -5.000  -21.000 0.0000000000
-1  16.000  -5.000  -21.000 0.0000000000
-1  33.000  -5.000  -22.000 0.0000000000
-1  32.000  -5.000  -22.000 0.0000000000
-1  31.000  -5.000  -22.000 0.0000000000
-1  30.000  -5.000  -22.000 0.0000000000
-1  29.000  -5.000  -22.000 0.0000000000
-1  28.000  -5.000  -22.000 0.0000000000
-1  27.000  -5.000  -22.000 0.0000000000
-1  26.000  -5.000  -22.000 0.0000000000
-1  25.000  -5.000  -22.000 0.0000000000
-1  24.000  -5.000  -22.000 0.0000000000
-1  23.000  -5.000  -22.000 0.0000000000
-1  22.000  -5.000  -22.000 0.0000000000
-1  21.000  -5.000  -22.000 0.0000000000
-1  20.000  -5.000  -22.000 0.0000000000
-1  19.000  -5.000  -22.000 0.0000000000
-1  18.000  -5.000  -22.000 0.0000000000
-1  17.000  -5.000  -22.000 0.0000000000
-1  16.000  -5.000  -22.000 0.0000000000
-1  33.000  -5.000  -23.000 0.0000000000
-1  32.000  -5.000  -23.000 0.0000000000
-1  31.000  -5.000  -23.000 0.0000000000
-1  30.000  -5.000  -23.000 0.0000000000
-1  29.000  -5.000  -23.000 0.0000000000
-1  28.000  -5.000  -23.000 0.0000000000
-1  27.000  -5.000  -23.000 0.0000000000
-1  26.000  -5.000  -23.000 0.0000000000
-1  25.000  -5.000  -23.000 0.0000000000
-1  24.000  -5.000  -23.000 0.0000000000
-1  23.000  -5.000  -23.000 0.0000000000
-1  22.000  -5.000  -23.000 0.0000000000
-1  21.000  -5.000  -23.000 0.0000000000
-1  20.000  -5.000  -23.000 0.0000000000
-1  19.000  -5.000  -23.000 0.0000000000
-1  18.000  -5.000  -23.000 0.0000000000
-1  17.000  -5.000  -23.000 0.0000000000
-1  16.000  -5.000  -23.000 0.0000000000
-1  34.000  -5.000  -24.000 0.0000000000
-1  33.000  -5.000  -24.000 0.0000000000
-1  32.000  -5.000  -24.000 0.0000000000
-1  31.000  -5.000  -24.000 0.0000000000
-1  30.000  -5.000  -24.000 0.0000000000
-1  29.000  -5.000  -24.000 0.0000000000
-1  28.000  -5.000  -24.000 0.0000000000
-1  27.000  -5.000  -24.000 0.0000000000
-1  26.000  -5.000  -24.000 0.0000000000
-1  25.000  -5.000  -24.000 0.0000000000
-1  24.000  -5.000  -24.000 0.0000000000
-1  23.000  -5.000  -24.000 0.0000000000
-1  22.000  -5.000  -24.000 0.0000000000
-1  21.000  -5.000  -24.000 0.0000000000
-1  20.000  -5.000  -24.000 0.0000000000
-1  19.000  -5.000  -24.000 0.0000000000
-1  18.000  -5.000  -24.000 0.0000000000
-1  17.000  -5.000  -24.000 0.0000000000
-1  34.000  -5.000  -25.000 0.0000000000
-1  33.000  -5.000  -25.000 0.0000000000
-1  32.000  -5.000  -25.000 0.0000000000
-1  31.000  -5.000  -25.000 0.0000000000
-1  30.000  -5.000  -25.000 0.0000000000
-1  29.000  -5.000  -25.000 0.0000000000
-1  28.000  -5.000  -25.000 0.0000000000
-1  27.000  -5.000  -25.000 0.0000000000
-1  26.000  -5.000  -25.000 0.0000000000
-1  25.000  -5.000  -25.000 0.0000000000
-1  24.000  -5.000  -25.000 0.0000000000
-1  23.000  -5.000  -25.000 0.0000000000
-1  22.000  -5.000  -25.000 0.0000000000
-1  21.000  -5.000  -25.000 0.0000000000
-1  20.000  -5.000  -25.000 0.0000000000
-1  19.000  -5.000  -25.000 0.0000000000
-1  18.000  -5.000  -25.000 0.0000000000
-1  34.000  -5.000  -26.000 0.0000000000
-1  33.000  -5.000  -26.000 0.0000000000
-1  32.000  -5.000  -26.000 0.0000000000
-1  31.000  -5.000  -26.000 0.0000000000
-1  30.000  -5.000  -26.000 0.0000000000
-1  29.000  -5.000  -26.000 0.0000000000
-1  28.000  -5.000  -26.000 0.0000000000
-1  27.000  -5.000  -26.000 0.0000000000
-1  26.000  -5.000  -26.000 0.0000000000
-1  25.000  -5.000  -26.000 0.0000000000
-1  24.000  -5.000  -26.000 0.0000000000
-1  23.000  -5.000  -26.000 0.0000000000
-1  22.000  -5.000  -26.000 0.0000000000
-1  21.000  -5.000  -26.000 0.0000000000
-1  20.000  -5.000  -26.000 0.0000000000
-1  19.000  -5.000  -26.000 0.0000000000
-1  33.000  -5.000  -27.000 0.0000000000
-1  32.000  -5.000  -27.000 0.0000000000
-1  31.000  -5.000  -27.000 0.0000000000
-1  30.000  -5.000  -27.000 0.0000000000
-1  29.000  -5.000  -27.000 0.0000000000
-1  28.000  -5.000  -27.000 0.0000000000
-1  27.000  -5.000  -27.000 0.0000000000
-1  26.000  -5.000  -27.000 0.0000000000
-1  25.000  -5.000  -27.000 0.0000000000
-1  24.000  -5.000  -27.000 0.0000000000
-1  23.000  -5.000  -27.000 0.0000000000
-1  22.000  -5.000  -27.000 0.0000000000
-1  21.000  -5.000  -27.000 0.0000000000
-1  20.000  -5.000  -27.000 0.0000000000
-1  19.000  -5.000  -27.000 0.0000000000
-1  32.000  -5.000  -28.000 0.0000000000
-1  31.000  -5.000  -28.000 0.0000000000
-1  30.000  -5.000  -28.000 0.0000000000
-1  29.000  -5.000  -28.000 0.0000000000
-1  28.000  -5.000  -28.000 0.0000000000
-1  27.000  -5.000  -28.000 0.0000000000
-1  26.000  -5.000  -28.000 0.0000000000
-1  25.000  -5.000  -28.000 0.0000000000
-1  24.000  -5.000  -28.000 0.0000000000
-1  23.000  -5.000  -28.000 0.0000000000
-1  22.000  -5.000  -28.000 0.0000000000
-1  21.000  -5.000  -28.000 0.0000000000
-1  20.000  -5.000  -28.000 0.0000000000
-1  31.000  -5.000  -29.000 0.0000000000
-1  30.000  -5.000  -29.000 0.0000000000
-1  29.000  -5.000  -29.000 0.0000000000
-1  28.000  -5.000  -29.000 0.0000000000
-1  27.000  -5.000  -29.000 0.0000000000
-1  26.000  -5.000  -29.000 0.0000000000
-1  25.000  -5.000  -29.000 0.0000000000
-1  24.000  -5.000  -29.000 0.0000000000
-1  23.000  -5.000  -29.000 0.0000000000
-1  22.000  -5.000  -29.000 0.0000000000
-1  30.000  -5.000  -30.000 0.0000000000
-1  29.000  -5.000  -30.000 0.0000000000
-1  28.000  -5.000  -30.000 0.0000000000
-1  27.000  -5.000  -30.000 0.0000000000
-1  26.000  -5.000  -30.000 0.0000000000
-1  25.000  -5.000  -30.000 0.0000000000
-1  24.000  -5.000  -30.000 0.0000000000
-1  23.000  -5.000  -30.000 0.0000000000
-1  22.000  -5.000  -30.000 0.0000000000
-1  28.000  -5.000  -31.000 0.0000000000
-1  27.000  -5.000  -31.000 0.0000000000
-1  26.000  -5.000  -31.000 0.0000000000
-1  25.000  -5.000  -31.000 0.0000000000
-1  24.000  -5.000  -31.000 0.0000000000
-1  23.000  -5.000  -31.000 0.0000000000
-1  26.000  -5.000  -32.000 0.0000000000
-1  22.000  -4.000  -14.000 0.0000000000
-1  26.000  -4.000  -15.000 0.0000000000
-1  25.000  -4.000  -15.000 0.0000000000
-1  24.000  -4.000  -15.000 0.0000000000
-1  23.000  -4.000  -15.000 0.0000000000
-1  22.000  -4.000  -15.000 0.0000000000
-1  21.000  -4.000  -15.000 0.0000000000
-1  20.000  -4.000  -15.000 0.0000000000
-1  27.000  -4.000  -16.000 0.0000000000
-1  26.000  -4.000  -16.000 0.0000000000
-1  25.000  -4.000  -16.000 0.0000000000
-1  24.000  -4.000  -16.000 0.0000000000
-1  23.000  -4.000  -16.000 0.0000000000
-1  22.000  -4.000  -16.000 0.0000000000
-1  21.000  -4.000  -16.000 0.0000000000
-1  20.000  -4.000  -16.000 0.0000000000
-1  19.000  -4.000  -16.000 0.0000000000
-1  29.000  -4.000  -17.000 0.0000000000
-1  28.000  -4.000  -17.000 0.0000000000
-1  27.000  -4.000  -17.000 0.0000000000
-1  26.000  -4.000  -17.000 0.0000000000
-1  25.000  -4.000  -17.000 0.0000000000
-1  24.000  -4.000  -17.000 0.0000000000
-1  23.000  -4.000  -17.000 0.0000000000
-1  22.000  -4.000  -17.000 0.0000000000
-1  21.000  -4.000  -17.000 0.0000000000
-1  20.000  -4.000  -17.000 0.0000000000
-1  19.000  -4.000  -17.000 0.0000000000
-1  30.000  -4.000  -18.000 0.0000000000
-1  29.000  -4.000  -18.000 0.0000000000
-1  28.000  -4.000  -18.000 0.0000000000
-1  27.000  -4.000  -18.000 0.0000000000
-1  26.000  -4.000  -18.000 0.0000000000
-1  25.000  -4.000  -18.000 0.0000000000
-1  24.000  -4.000  -18.000 0.0000000000
-1  23.000  -4.000  -18.000 0.0000000000
-1  22.000  -4.000  -18.000 0.0000000000
-1  21.000  -4.000  -18.000 0.0000000000
-1  20.000  -4.000  -18.000 0.0000000000
-1  19.000  -4.000  -18.000 0.0000000000
-1  18.000  -4.000  -18.000 0.0000000000
-1  32.000  -4.000  -19.000 0.0000000000
-1  31.000  -4.000  -19.000 0.0000000000
-1  30.000  -4.000  -19.000 0.0000000000
-1  29.000  -4.000  -19.000 0.0000000000
-1  28.000  -4.000  -19.000 0.0000000000
-1  27.000  -4.000  -19.000 0.0000000000
-1  26.000  -4.000  -19.000 0.0000000000
-1  25.000  -4.000  -19.000 0.0000000000
-1  24.000  -4.000  -19.000 0.0000000000
-1  23.000  -4.000  -19.000 0.0000000000
-1  22.000  -4.000  -19.000 0.0000000000
-1  21.000  -4.000  -19.000 0.0000000000
-1  20.000  -4.000  -19.000 0.0000000000
-1  19.000  -4.000  -19.000 0.0000000000
-1  18.000  -4.000  -19.000 0.0000000000
-1  17.000  -4.000  -19.000 0.0000000000
-1  33.000  -4.000  -20.000 0.0000000000
-1  32.000  -4.000  -20.000 0.0000000000
-1  31.000  -4.000  -20.000 0.0000000000
-1  30.000  -4.000  -20.000 0.0000000000
-1  29.000  -4.000  -20.000 0.0000000000
-1  28.000  -4.000  -20.000 0.0000000000
-1  27.000  -4.000  -20.000 0.0000000000
-1  26.000  -4.000  -20.000 0.0000000000
-1  25.000  -4.000  -20.000 0.0000000000
-1  24.000  -4.000  -20.000 0.0000000000
-1  23.000  -4.000  -20.000 0.0000000000
-1  22.000  -4.000  -20.000 0.0000000000
-1  21.000  -4.000  -20.000 0.0000000000
-1  20.000  -4.000  -20.000 0.0000000000
-1  19.000  -4.000  -20.000 0.0000000000
-1  18.000  -4.000  -20.000 0.0000000000
-1  17.000  -4.000  -20.000 0.0000000000
-1  33.000  -4.000  -21.000 0.0000000000
-1  32.000  -4.000  -21.000 0.0000000000
-1  31.000  -4.000  -21.000 0.0000000000
-1  30.000  -4.000  -21.000 0.0000000000
-1  29.000  -4.000  -21.000 0.0000000000
-1  28.000  -4.000  -21.000 0.0000000000
-1  27.000  -4.000  -21.000 0.0000000000
-1  26.000  -4.000  -21.000 0.0000000000
-1  25.000  -4.000  -21.000 0.0000000000
-1  24.000  -4.000  -21.000 0.0000000000
-1  23.000  -4.000  -21.000 0.0000000000
-1  22.000  -4.000  -21.000 0.0000000000
-1  21.000  -4.000  -21.000 0.0000000000
-1  20.000  -4.000  -21.000 0.0000000000
-1  19.000  -4.000  -21.000 0.0000000000
-1  18.000  -4.000  -21.000 0.0000000000
-1  17.000  -4.000  -21.000 0.0000000000
-1  33.000  -4.000  -22.000 0.0000000000
-1  32.000  -4.000  -22.000 0.0000000000
-1  31.000  -4.000  -22.000 0.0000000000
-1  30.000  -4.000  -22.000 0.0000000000
-1  29.000  -4.000  -22.000 0.0000000000
-1  28.000  -4.000  -22.000 0.0000000000
-1  27.000  -4.000  -22.000 0.0000000000
-1  26.000  -4.000  -22.000 0.0000000000
-1  25.000  -4.000  -22.000 0.0000000000
-1  24.000  -4.000  -22.000 0.0000000000
-1  23.000  -4.000  -22.000 0.0000000000
-1  22.000  -4.000  -22.000 0.0000000000
-1  21.000  -4.000  -22.000 0.0000000000
-1  20.000  -4.000  -22.000 0.0000000000
-1  19.000  -4.000  -22.000 0.0000000000
-1  18.000  -4.000  -22.000 0.0000000000
-1  17.000  -4.000  -22.000 0.0000000000
-1  33.000  -4.000  -23.000 0.0000000000
-1  32.000  -4.000  -23.000 0.0000000000
-1  31.000  -4.000  -23.000 0.0000000000
-1  30.000  -4.000  -23.000 0.0000000000
-1  29.000  -4.000  -23.000 0.0000000000
-1  28.000  -4.000  -23.000 0.0000000000
-1  27.000  -4.000  -23.000 0.0000000000
-1  26.000  -4.000  -23.000 0.0000000000
-1  25.000  -4.000  -23.000 0.0000000000
-1  24.000  -4.000  -23.000 0.0000000000
-1  23.000  -4.000  -23.000 0.0000000000
-1  22.000  -4.000  -23.000 0.0000000000
-1  21.000  -4.000  -23.000 0.0000000000
-1  20.000  -4.000  -23.000 0.0000000000
-1  19.000  -4.000  -23.000 0.0000000000
-1  18.000  -4.000  -23.000 0.0000000000
-1  17.000  -4.000  -23.000 0.0000000000
-1  34.000  -4.000  -24.000 0.0000000000
-1  33.000  -4.000  -24.000 0.0000000000
-1  32.000  -4.000  -24.000 0.0000000000
-1  31.000  -4.000  -24.000 0.0000000000
-1  30.000  -4.000  -24.000 0.0000000000
-1  29.000  -4.000  -24.000 0.0000000000
-1  28.000  -4.000  -24.000 0.0000000000
-1  27.000  -4.000  -24.000 0.0000000000
-1  26.000  -4.000  -24.000 0.0000000000
-1  25.000  -4.000  -24.000 0.0000000000
-1  24.000  -4.000  -24.000 0.0000000000
-1  23.000  -4.000  -24.000 0.0000000000
-1  22.000  -4.000  -24.000 0.0000000000
-1  21.000  -4.000  -24.000 0.0000000000
-1  20.000  -4.000  -24.000 0.0000000000
-1  19.000  -4.000  -24.000 0.0000000000
-1  18.000  -4.000  -24.000 0.0000000000
-1  17.000  -4.000  -24.000 0.0000000000
-1  33.000  -4.000  -25.000 0.0000000000
-1  32.000  -4.000  -25.000 0.0000000000
-1  31.000  -4.000  -25.000 0.0000000000
-1  30.000  -4.000  -25.000 0.0000000000
-1  29.000  -4.000  -25.000 0.0000000000
-1  28.000  -4.000  -25.000 0.0000000000
-1  27.000  -4.000  -25.000 0.0000000000
-1  26.000  -4.000  -25.000 0.0000000000
-1  25.000  -4.000  -25.000 0.0000000000
-1  24.000  -4.000  -25.000 0.0000000000
-1  23.000  -4.000  -25.000 0.0000000000
-1  22.000  -4.000  -25.000 0.0000000000
-1  21.000  -4.000  -25.000 0.0000000000
-1  20.000  -4.000  -25.000 0.0000000000
-1  19.000  -4.000  -25.000 0.0000000000
-1  18.000  -4.000  -25.000 0.0000000000
-1  33.000  -4.000  -26.000 0.0000000000
-1  32.000  -4.000  -26.000 0.0000000000
-1  31.000  -4.000  -26.000 0.0000000000
-1  30.000  -4.000  -26.000 0.0000000000
-1  29.000  -4.000  -26.000 0.0000000000
-1  28.000  -4.000  -26.000 0.0000000000
-1  27.000  -4.000  -26.000 0.0000000000
-1  26.000  -4.000  -26.000 0.0000000000
-1  25.000  -4.000  -26.000 0.0000000000
-1  24.000  -4.000  -26.000 0.0000000000
-1  23.000  -4.000  -26.000 0.0000000000
-1  22.000  -4.000  -26.000 0.0000000000
-1  21.000  -4.000  -26.000 0.0000000000
-1  20.000  -4.000  -26.000 0.0000000000
-1  19.000  -4.000  -26.000 0.0000000000
-1  18.000  -4.000  -26.000 0.0000000000
-1  33.000  -4.000  -27.000 0.0000000000
-1  32.000  -4.000  -27.000 0.0000000000
-1  31.000  -4.000  -27.000 0.0000000000
-1  30.000  -4.000  -27.000 0.0000000000
-1  29.000  -4.000  -27.000 0.0000000000
-1  28.000  -4.000  -27.000 0.0000000000
-1  27.000  -4.000  -27.000 0.0000000000
-1  26.000  -4.000  -27.000 0.0000000000
-1  25.000  -4.000  -27.000 0.0000000000
-1  24.000  -4.000  -27.000 0.0000000000
-1  23.000  -4.000  -27.000 0.0000000000
-1  22.000  -4.000  -27.000 0.0000000000
-1  21.000  -4.000  -27.000 0.0000000000
-1  20.000  -4.000  -27.000 0.0000000000
-1  19.000  -4.000  -27.000 0.0000000000
-1  32.000  -4.000  -28.000 0.0000000000
-1  31.000  -4.000  -28.000 0.0000000000
-1  30.000  -4.000  -28.000 0.0000000000
-1  29.000  -4.000  -28.000 0.0000000000
-1  28.000  -4.000  -28.000 0.0000000000
-1  27.000  -4.000  -28.000 0.0000000000
-1  26.000  -4.000  -28.000 0.0000000000
-1  25.000  -4.000  -28.000 0.0000000000
-1  24.000  -4.000  -28.000 0.0000000000
-1  23.000  -4.000  -28.000 0.0000000000
-1  22.000  -4.000  -28.000 0.0000000000
-1  21.000  -4.000  -28.000 0.0000000000
-1  32.000  -4.000  -29.000 0.0000000000
-1  31.000  -4.000  -29.000 0.0000000000
-1  30.000  -4.000  -29.000 0.0000000000
-1  29.000  -4.000  -29.000 0.0000000000
-1  28.000  -4.000  -29.000 0.0000000000
-1  27.000  -4.000  -29.000 0.0000000000
-1  26.000  -4.000  -29.000 0.0000000000
-1  25.000  -4.000  -29.000 0.0000000000
-1  24.000  -4.000  -29.000 0.0000000000
-1  23.000  -4.000  -29.000 0.0000000000
-1  22.000  -4.000  -29.000 0.0000000000
-1  30.000  -4.000  -30.000 0.0000000000
-1  29.000  -4.000  -30.000 0.0000000000
-1  28.000  -4.000  -30.000 0.0000000000
-1  27.000  -4.000  -30.000 0.0000000000
-1  26.000  -4.000  -30.000 0.0000000000
-1  25.000  -4.000  -30.000 0.0000000000
-1  24.000  -4.000  -30.000 0.0000000000
-1  23.000  -4.000  -30.000 0.0000000000
-1  28.000  -4.000  -31.000 0.0000000000
-1  27.000  -4.000  -31.000 0.0000000000
-1  26.000  -4.000  -31.000 0.0000000000
-1  25.000  -4.000  -31.000 0.0000000000
-1  24.000  -4.000  -31.000 0.0000000000
-1  23.000  -4.000  -31.000 0.0000000000
-1  25.000  -3.000  -16.000 0.0000000000
-1  24.000  -3.000  -16.000 0.0000000000
-1  23.000  -3.000  -16.000 0.0000000000
-1  22.000  -3.000  -16.000 0.0000000000
-1  21.000  -3.000  -16.000 0.0000000000
-1  28.000  -3.000  -17.000 0.0000000000
-1  27.000  -3.000  -17.000 0.0000000000
-1  26.000  -3.000  -17.000 0.0000000000
-1  25.000  -3.000  -17.000 0.0000000000
-1  24.000  -3.000  -17.000 0.0000000000
-1  23.000  -3.000  -17.000 0.0000000000
-1  22.000  -3.000  -17.000 0.0000000000
-1  21.000  -3.000  -17.000 0.0000000000
-1  20.000  -3.000  -17.000 0.0000000000
-1  19.000  -3.000  -17.000 0.0000000000
-1  30.000  -3.000  -18.000 0.0000000000
-1  29.000  -3.000  -18.000 0.0000000000
-1  28.000  -3.000  -18.000 0.0000000000
-1  27.000  -3.000  -18.000 0.0000000000
-1  26.000  -3.000  -18.000 0.0000000000
-1  25.000  -3.000  -18.000 0.0000000000
-1  24.000  -3.000  -18.000 0.0000000000
-1  23.000  -3.000  -18.000 0.0000000000
-1  22.000  -3.000  -18.000 0.0000000000
-1  21.000  -3.000  -18.000 0.0000000000
-1  20.000  -3.000  -18.000 0.0000000000
-1  19.000  -3.000  -18.000 0.0000000000
-1  30.000  -3.000  -19.000 0.0000000000
-1  29.000  -3.000  -19.000 0.0000000000
-1  28.000  -3.000  -19.000 0.0000000000
-1  27.000  -3.000  -19.000 0.0000000000
-1  26.000  -3.000  -19.000 0.0000000000
-1  25.000  -3.000  -19.000 0.0000000000
-1  24.000  -3.000  -19.000 0.0000000000
-1  23.000  -3.000  -19.000 0.0000000000
-1  22.000  -3.000  -19.000 0.0000000000
-1  21.000  -3.000  -19.000 0.0000000000
-1  20.000  -3.000  -19.000 0.0000000000
-1  19.000  -3.000  -19.000 0.0000000000
-1  18.000  -3.000  -19.000 0.0000000000
-1  33.000  -3.000  -20.000 0.0000000000
-1  32.000  -3.000  -20.000 0.0000000000
-1  31.000  -3.000  -20.000 0.0000000000
-1  30.000  -3.000  -20.000 0.0000000000
-1  29.000  -3.000  -20.000 0.0000000000
-1  28.000  -3.000  -20.000 0.0000000000
-1  27.000  -3.000  -20.000 0.0000000000
-1  26.000  -3.000  -20.000 0.0000000000
-1  25.000  -3.000  -20.000 0.0000000000
-1  24.000  -3.000  -20.000 0.0000000000
-1  23.000  -3.000  -20.000 0.0000000000
-1  22.000  -3.000  -20.000 0.0000000000
-1  21.000  -3.000  -20.000 0.0000000000
-1  20.000  -3.000  -20.000 0.0000000000
-1  19.000  -3.000  -20.000 0.0000000000
-1  18.000  -3.000  -20.000 0.0000000000
-1  33.000  -3.000  -21.000 0.0000000000
-1  32.000  -3.000  -21.000 0.0000000000
-1  31.000  -3.000  -21.000 0.0000000000
-1  30.000  -3.000  -21.000 0.0000000000
-1  29.000  -3.000  -21.000 0.0000000000
-1  28.000  -3.000  -21.000 0.0000000000
-1  27.000  -3.000  -21.000 0.0000000000
-1  26.000  -3.000  -21.000 0.0000000000
-1  25.000  -3.000  -21.000 0.0000000000
-1  24.000  -3.000  -21.000 0.0000000000
-1  23.000  -3.000  -21.000 0.0000000000
-1  22.000  -3.000  -21.000 0.0000000000
-1  21.000  -3.000  -21.000 0.0000000000
-1  20.000  -3.000  -21.000 0.0000000000
-1  19.000  -3.000  -21.000 0.0000000000
-1  18.000  -3.000  -21.000 0.0000000000
-1  17.000  -3.000  -21.000 0.0000000000
-1  33.000  -3.000  -22.000 0.0000000000
-1  32.000  -3.000  -22.000 0.0000000000
-1  31.000  -3.000  -22.000 0.0000000000
-1  30.000  -3.000  -22.000 0.0000000000
-1  29.000  -3.000  -22.000 0.0000000000
-1  28.000  -3.000  -22.000 0.0000000000
-1  27.000  -3.000  -22.000 0.0000000000
-1  26.000  -3.000  -22.000 0.0000000000
-1  25.000  -3.000  -22.000 0.0000000000
-1  24.000  -3.000  -22.000 0.0000000000
-1  23.000  -3.000  -22.000 0.0000000000
-1  22.000  -3.000  -22.000 0.0000000000
-1  21.000  -3.000  -22.000 0.0000000000
-1  20.000  -3.000  -22.000 0.0000000000
-1  19.000  -3.000  -22.000 0.0000000000
-1  18.000  -3.000  -22.000 0.0000000000
-1  33.000  -3.000  -23.000 0.0000000000
-1  32.000  -3.000  -23.000 0.0000000000
-1  31.000  -3.000  -23.000 0.0000000000
-1  30.000  -3.000  -23.000 0.0000000000
-1  29.000  -3.000  -23.000 0.0000000000
-1  28.000  -3.000  -23.000 0.0000000000
-1  27.000  -3.000  -23.000 0.0000000000
-1  26.000  -3.000  -23.000 0.0000000000
-1  25.000  -3.000  -23.000 0.0000000000
-1  24.000  -3.000  -23.000 0.0000000000
-1  23.000  -3.000  -23.000 0.0000000000
-1  22.000  -3.000  -23.000 0.0000000000
-1  21.000  -3.000  -23.000 0.0000000000
-1  20.000  -3.000  -23.000 0.0000000000
-1  19.000  -3.000  -23.000 0.0000000000
-1  18.000  -3.000  -23.000 0.0000000000
-1  34.000  -3.000  -24.000 0.0000000000
-1  33.000  -3.000  -24.000 0.0000000000
-1  32.000  -3.000  -24.000 0.0000000000
-1  31.000  -3.000  -24.000 0.0000000000
-1  30.000  -3.000  -24.000 0.0000000000
-1  29.000  -3.000  -24.000 0.0000000000
-1  28.000  -3.000  -24.000 0.0000000000
-1  27.000  -3.000  -24.000 0.0000000000
-1  26.000  -3.000  -24.000 0.0000000000
-1  25.000  -3.000  -24.000 0.0000000000
-1  24.000  -3.000  -24.000 0.0000000000
-1  23.000  -3.000  -24.000 0.0000000000
-1  22.000  -3.000  -24.000 0.0000000000
-1  21.000  -3.000  -24.000 0.0000000000
-1  20.000  -3.000  -24.000 0.0000000000
-1  19.000  -3.000  -24.000 0.0000000000
-1  18.000  -3.000  -24.000 0.0000000000
-1  33.000  -3.000  -25.000 0.0000000000
-1  32.000  -3.000  -25.000 0.0000000000
-1  31.000  -3.000  -25.000 0.0000000000
-1  30.000  -3.000  -25.000 0.0000000000
-1  29.000  -3.000  -25.000 0.0000000000
-1  28.000  -3.000  -25.000 0.0000000000
-1  27.000  -3.000  -25.000 0.0000000000
-1  26.000  -3.000  -25.000 0.0000000000
-1  25.000  -3.000  -25.000 0.0000000000
-1  24.000  -3.000  -25.000 0.0000000000
-1  23.000  -3.000  -25.000 0.0000000000
-1  22.000  -3.000  -25.000 0.0000000000
-1  21.000  -3.000  -25.000 0.0000000000
-1  20.000  -3.000  -25.000 0.0000000000
-1  19.000  -3.000  -25.000 0.0000000000
-1  18.000  -3.000  -25.000 0.0000000000
-1  32.000  -3.000  -26.000 0.0000000000
-1  31.000  -3.000  -26.000 0.0000000000
-1  30.000  -3.000  -26.000 0.0000000000
-1  29.000  -3.000  -26.000 0.0000000000
-1  28.000  -3.000  -26.000 0.0000000000
-1  27.000  -3.000  -26.000 0.0000000000
-1  26.000  -3.000  -26.000 0.0000000000
-1  25.000  -3.000  -26.000 0.0000000000
-1  24.000  -3.000  -26.000 0.0000000000
-1  23.000  -3.000  -26.000 0.0000000000
-1  22.000  -3.000  -26.000 0.0000000000
-1  21.000  -3.000  -26.000 0.0000000000
-1  20.000  -3.000  -26.000 0.0000000000
-1  19.000  -3.000  -26.000 0.0000000000
-1  32.000  -3.000  -27.000 0.0000000000
-1  31.000  -3.000  -27.000 0.0000000000
-1  30.000  -3.000  -27.000 0.0000000000
-1  29.000  -3.000  -27.000 0.0000000000
-1  28.000  -3.000  -27.000 0.0000000000
-1  27.000  -3.000  -27.000 0.0000000000
-1  26.000  -3.000  -27.000 0.0000000000
-1  25.000  -3.000  -27.000 0.0000000000
-1  24.000  -3.000  -27.000 0.0000000000
-1  23.000  -3.000  -27.000 0.0000000000
-1  22.000  -3.000  -27.000 0.0000000000
-1  21.000  -3.000  -27.000 0.0000000000
-1  32.000  -3.000  -28.000 0.0000000000
-1  31.000  -3.000  -28.000 0.0000000000
-1  30.000  -3.000  -28.000 0.0000000000
-1  29.000  -3.000  -28.000 0.0000000000
-1  28.000  -3.000  -28.000 0.0000000000
-1  27.000  -3.000  -28.000 0.0000000000
-1  26.000  -3.000  -28.000 0.0000000000
-1  25.000  -3.000  -28.000 0.0000000000
-1  24.000  -3.000  -28.000 0.0000000000
-1  23.000  -3.000  -28.000 0.0000000000
-1  22.000  -3.000  -28.000 0.0000000000
-1  31.000  -3.000  -29.000 0.0000000000
-1  30.000  -3.000  -29.000 0.0000000000
-1  29.000  -3.000  -29.000 0.0000000000
-1  28.000  -3.000  -29.000 0.0000000000
-1  27.000  -3.000  -29.000 0.0000000000
-1  26.000  -3.000  -29.000 0.0000000000
-1  25.000  -3.000  -29.000 0.0000000000
-1  24.000  -3.000  -29.000 0.0000000000
-1  23.000  -3.000  -29.000 0.0000000000
-1  22.000  -3.000  -29.000 0.0000000000
-1  29.000  -3.000  -30.000 0.0000000000
-1  28.000  -3.000  -30.000 0.0000000000
-1  27.000  -3.000  -30.000 0.0000000000
-1  26.000  -3.000  -30.000 0.0000000000
-1  25.000  -3.000  -30.000 0.0000000000
-1  24.000  -3.000  -30.000 0.0000000000
-1  27.000  -3.000  -31.000 0.0000000000
-1  26.000  -3.000  -31.000 0.0000000000
-1  26.000  -2.000  -17.000 0.0000000000
-1  25.000  -2.000  -17.000 0.0000000000
-1  24.000  -2.000  -17.000 0.0000000000
-1  23.000  -2.000  -17.000 0.0000000000
-1  22.000  -2.000  -17.000 0.0000000000
-1  28.000  -2.000  -18.000 0.0000000000
-1  27.000  -2.000  -18.000 0.0000000000
-1  26.000  -2.000  -18.000 0.0000000000
-1  25.000  -2.000  -18.000 0.0000000000
-1  24.000  -2.000  -18.000 0.0000000000
-1  23.000  -2.000  -18.000 0.0000000000
-1  22.000  -2.000  -18.000 0.0000000000
-1  21.000  -2.000  -18.000 0.0000000000
-1  20.000  -2.000  -18.000 0.0000000000
-1  29.000  -2.000  -19.000 0.0000000000
-1  28.000  -2.000  -19.000 0.0000000000
-1  27.000  -2.000  -19.000 0.0000000000
-1  26.000  -2.000  -19.000 0.0000000000
-1  25.000  -2.000  -19.000 0.0000000000
-1  24.000  -2.000  -19.000 0.0000000000
-1  23.000  -2.000  -19.000 0.0000000000
-1  22.000  -2.000  -19.000 0.0000000000
-1  21.000  -2.000  -19.000 0.0000000000
-1  20.000  -2.000  -19.000 0.0000000000
-1  19.000  -2.000  -19.000 0.0000000000
-1  29.000  -2.000  -20.000 0.0000000000
-1  28.000  -2.000  -20.000 0.0000000000
-1  27.000  -2.000  -20.000 0.0000000000
-1  26.000  -2.000  -20.000 0.0000000000
-1  25.000  -2.000  -20.000 0.0000000000
-1  24.000  -2.000  -20.000 0.0000000000
-1  23.000  -2.000  -20.000 0.0000000000
-1  22.000  -2.000  -20.000 0.0000000000
-1  21.000  -2.000  -20.000 0.0000000000
-1  20.000  -2.000  -20.000 0.0000000000
-1  19.000  -2.000  -20.000 0.0000000000
-1  30.000  -2.000  -21.000 0.0000000000
-1  29.000  -2.000  -21.000 0.0000000000
-1  28.000  -2.000  -21.000 0.0000000000
-1  27.000  -2.000  -21.000 0.0000000000
-1  26.000  -2.000  -21.000 0.0000000000
-1  25.000  -2.000  -21.000 0.0000000000
-1  24.000  -2.000  -21.000 0.0000000000
-1  23.000  -2.000  -21.000 0.0000000000
-1  22.000  -2.000  -21.000 0.0000000000
-1  21.000  -2.000  -21.000 0.0000000000
-1  20.000  -2.000  -21.000 0.0000000000
-1  19.000  -2.000  -21.000 0.0000000000
-1  18.000  -2.000  -21.000 0.0000000000
-1  32.000  -2.000  -22.000 0.0000000000
-1  31.000  -2.000  -22.000 0.0000000000
-1  30.000  -2.000  -22.000 0.0000000000
-1  29.000  -2.000  -22.000 0.0000000000
-1  28.000  -2.000  -22.000 0.0000000000
-1  27.000  -2.000  -22.000 0.0000000000
-1  26.000  -2.000  -22.000 0.0000000000
-1  25.000  -2.000  -22.000 0.0000000000
-1  24.000  -2.000  -22.000 0.0000000000
-1  23.000  -2.000  -22.000 0.0000000000
-1  22.000  -2.000  -22.000 0.0000000000
-1  21.000  -2.000  -22.000 0.0000000000
-1  20.000  -2.000  -22.000 0.0000000000
-1  19.000  -2.000  -22.000 0.0000000000
-1  18.000  -2.000  -22.000 0.0000000000
-1  33.000  -2.000  -23.000 0.0000000000
-1  32.000  -2.000  -23.000 0.0000000000
-1  31.000  -2.000  -23.000 0.0000000000
-1  30.000  -2.000  -23.000 0.0000000000
-1  29.000  -2.000  -23.000 0.0000000000
-1  28.000  -2.000  -23.000 0.0000000000
-1  27.000  -2.000  -23.000 0.0000000000
-1  26.000  -2.000  -23.000 0.0000000000
-1  25.000  -2.000  -23.000 0.0000000000
-1  24.000  -2.000  -23.000 0.0000000000
-1  23.000  -2.000  -23.000 0.0000000000
-1  22.000  -2.000  -23.000 0.0000000000
-1  21.000  -2.000  -23.000 0.0000000000
-1  20.000  -2.000  -23.000 0.0000000000
-1  19.000  -2.000  -23.000 0.0000000000
-1  33.000  -2.000  -24.000 0.0000000000
-1  32.000  -2.000  -24.000 0.0000000000
-1  31.000  -2.000  -24.000 0.0000000000
-1  30.000  -2.000  -24.000 0.0000000000
-1  29.000  -2.000  -24.000 0.0000000000
-1  28.000  -2.000  -24.000 0.0000000000
-1  27.000  -2.000  -24.000 0.0000000000
-1  26.000  -2.000  -24.000 0.0000000000
-1  25.000  -2.000  -24.000 0.0000000000
-1  24.000  -2.000  -24.000 0.0000000000
-1  23.000  -2.000  -24.000 0.0000000000
-1  22.000  -2.000  -24.000 0.0000000000
-1  21.000  -2.000  -24.000 0.0000000000
-1  20.000  -2.000  -24.000 0.0000000000
-1  19.000  -2.000  -24.000 0.0000000000
-1  32.000  -2.000  -25.000 0.0000000000
-1  31.000  -2.000  -25.000 0.0000000000
-1  30.000  -2.000  -25.000 0.0000000000
-1  29.000  -2.000  -25.000 0.0000000000
-1  28.000  -2.000  -25.000 0.0000000000
-1  27.000  -2.000  -25.000 0.0000000000
-1  26.000  -2.000  -25.000 0.0000000000
-1  25.000  -2.000  -25.000 0.0000000000
-1  24.000  -2.000  -25.000 0.0000000000
-1  23.000  -2.000  -25.000 0.0000000000
-1  22.000  -2.000  -25.000 0.0000000000
-1  21.000  -2.000  -25.000 0.0000000000
-1  20.000  -2.000  -25.000 0.0000000000
-1  19.000  -2.000  -25.000 0.0000000000
-1  32.000  -2.000  -26.000 0.0000000000
-1  31.000  -2.000  -26.000 0.0000000000
-1  30.000  -2.000  -26.000 0.0000000000
-1  29.000  -2.000  -26.000 0.0000000000
-1  28.000  -2.000  -26.000 0.0000000000
-1  27.000  -2.000  -26.000 0.0000000000
-1  26.000  -2.000  -26.000 0.0000000000
-1  25.000  -2.000  -26.000 0.0000000000
-1  24.000  -2.000  -26.000 0.0000000000
-1  23.000  -2.000  -26.000 0.0000000000
-1  22.000  -2.000  -26.000 0.0000000000
-1  31.000  -2.000  -27.000 0.0000000000
-1  30.000  -2.000  -27.000 0.0000000000
-1  29.000  -2.000  -27.000 0.0000000000
-1  28.000  -2.000  -27.000 0.0000000000
-1  27.000  -2.000  -27.000 0.0000000000
-1  26.000  -2.000  -27.000 0.0000000000
-1  25.000  -2.000  -27.000 0.0000000000
-1  24.000  -2.000  -27.000 0.0000000000
-1  23.000  -2.000  -27.000 0.0000000000
-1  22.000  -2.000  -27.000 0.0000000000
-1  31.000  -2.000  -28.000 0.0000000000
-1  30.000  -2.000  -28.000 0.0000000000
-1  29.000  -2.000  -28.000 0.0000000000
-1  28.000  -2.000  -28.000 0.0000000000
-1  27.000  -2.000  -28.000 0.0000000000
-1  26.000  -2.000  -28.000 0.0000000000
-1  25.000  -2.000  -28.000 0.0000000000
-1  24.000  -2.000  -28.000 0.0000000000
-1  23.000  -2.000  -28.000 0.0000000000
-1  30.000  -2.000  -29.000 0.0000000000
-1  29.000  -2.000  -29.000 0.0000000000
-1  28.000  -2.000  -29.000 0.0000000000
-1  27.000  -2.000  -29.000 0.0000000000
-1  26.000  -2.000  -29.000 0.0000000000
-1  25.000  -2.000  -29.000 0.0000000000
-1  24.000  -2.000  -29.000 0.0000000000
-1  28.000  -2.000  -30.000 0.0000000000
-1  27.000  -2.000  -30.000 0.0000000000
-1  26.000  -2.000  -30.000 0.0000000000
-1  26.000  -1.000  -18.000 0.0000000000
-1  25.000  -1.000  -18.000 0.0000000000
-1  24.000  -1.000  -18.000 0.0000000000
-1  27.000  -1.000  -19.000 0.0000000000
-1  26.000  -1.000  -19.000 0.0000000000
-1  25.000  -1.000  -19.000 0.0000000000
-1  24.000  -1.000  -19.000 0.0000000000
-1  23.000  -1.000  -19.000 0.0000000000
-1  22.000  -1.000  -19.000 0.0000000000
-1  21.000  -1.000  -19.000 0.0000000000
-1  27.000  -1.000  -20.000 0.0000000000
-1  26.000  -1.000  -20.000 0.0000000000
-1  25.000  -1.000  -20.000 0.0000000000
-1  24.000  -1.000  -20.000 0.0000000000
-1  23.000  -1.000  -20.000 0.0000000000
-1  22.000  -1.000  -20.000 0.0000000000
-1  21.000  -1.000  -20.000 0.0000000000
-1  20.000  -1.000  -20.000 0.0000000000
-1  27.000  -1.000  -21.000 0.0000000000
-1  26.000  -1.000  -21.000 0.0000000000
-1  25.000  -1.000  -21.000 0.0000000000
-1  24.000  -1.000  -21.000 0.0000000000
-1  23.000  -1.000  -21.000 0.0000000000
-1  22.000  -1.000  -21.000 0.0000000000
-1  21.000  -1.000  -21.000 0.0000000000
-1  20.000  -1.000  -21.000 0.0000000000
-1  19.000  -1.000  -21.000 0.0000000000
-1  28.000  -1.000  -22.000 0.0000000000
-1  27.000  -1.000  -22.000 0.0000000000
-1  26.000  -1.000  -22.000 0.0000000000
-1  25.000  -1.000  -22.000 0.0000000000
-1  24.000  -1.000  -22.000 0.0000000000
-1  23.000  -1.000  -22.000 0.0000000000
-1  22.000  -1.000  -22.000 0.0000000000
-1  21.000  -1.000  -22.000 0.0000000000
-1  20.000  -1.000  -22.000 0.0000000000
-1  19.000  -1.000  -22.000 0.0000000000
-1  30.000  -1.000  -23.000 0.0000000000
-1  29.000  -1.000  -23.000 0.0000000000
-1  28.000  -1.000  -23.000 0.0000000000
-1  27.000  -1.000  -23.000 0.0000000000
-1  26.000  -1.000  -23.000 0.0000000000
-1  25.000  -1.000  -23.000 0.0000000000
-1  24.000  -1.000  -23.000 0.0000000000
-1  23.000  -1.000  -23.000 0.0000000000
-1  22.000  -1.000  -23.000 0.0000000000
-1  21.000  -1.000  -23.000 0.0000000000
-1  29.000  -1.000  -24.000 0.0000000000
-1  28.000  -1.000  -24.000 0.0000000000
-1  27.000  -1.000  -24.000 0.0000000000
-1  26.000  -1.000  -24.000 0.0000000000
-1  25.000  -1.000  -24.000 0.0000000000
-1  24.000  -1.000  -24.000 0.0000000000
-1  23.000  -1.000  -24.000 0.0000000000
-1  22.000  -1.000  -24.000 0.0000000000
-1  32.000  -1.000  -25.000 0.0000000000
-1  31.000  -1.000  -25.000 0.0000000000
-1  30.000  -1.000  -25.000 0.0000000000
-1  29.000  -1.000  -25.000 0.0000000000
-1  28.000  -1.000  -25.000 0.0000000000
-1  27.000  -1.000  -25.000 0.0000000000
-1  26.000  -1.000  -25.000 0.0000000000
-1  25.000  -1.000  -25.000 0.0000000000
-1  24.000  -1.000  -25.000 0.0000000000
-1  23.000  -1.000  -25.000 0.0000000000
-1  22.000  -1.000  -25.000 0.0000000000
-1  32.000  -1.000  -26.000 0.0000000000
-1  31.000  -1.000  -26.000 0.0000000000
-1  30.000  -1.000  -26.000 0.0000000000
-1  29.000  -1.000  -26.000 0.0000000000
-1  28.000  -1.000  -26.000 0.0000000000
-1  27.000  -1.000  -26.000 0.0000000000
-1  26.000  -1.000  -26.000 0.0000000000
-1  25.000  -1.000  -26.000 0.0000000000
-1  24.000  -1.000  -26.000 0.0000000000
-1  23.000  -1.000  -26.000 0.0000000000
-1  22.000  -1.000  -26.000 0.0000000000
-1  30.000  -1.000  -27.000 0.0000000000
-1  29.000  -1.000  -27.000 0.0000000000
-1  28.000  -1.000  -27.000 0.0000000000
-1  27.000  -1.000  -27.000 0.0000000000
-1  26.000  -1.000  -27.000 0.0000000000
-1  25.000  -1.000  -27.000 0.0000000000
-1  24.000  -1.000  -27.000 0.0000000000
-1  30.000  -1.000  -28.000 0.0000000000
-1  29.000  -1.000  -28.000 0.0000000000
-1  28.000  -1.000  -28.000 0.0000000000
-1  27.000  -1.000  -28.000 0.0000000000
-1  26.000  -1.000  -28.000 0.0000000000
-1  25.000  -1.000  -28.000 0.0000000000
-1  27.000  -1.000  -29.000 0.0000000000
-1  26.000  -1.000  -29.000 0.0000000000
