#!ascii label /Users/megardn/Desktop/BGD_Repos/labels/lh_0062.label , from subject  vox2ras=TkReg
57
-1  32.000  -6.000  -9.000 0.0000000000
-1  33.000  -5.000  -10.000 0.0000000000
-1  32.000  -5.000  -10.000 0.0000000000
-1  31.000  -5.000  -10.000 0.0000000000
-1  30.000  -5.000  -10.000 0.0000000000
-1  29.000  -4.000  -9.000 0.0000000000
-1  28.000  -4.000  -9.000 0.0000000000
-1  33.000  -4.000  -10.000 0.0000000000
-1  32.000  -4.000  -10.000 0.0000000000
-1  31.000  -4.000  -10.000 0.0000000000
-1  30.000  -4.000  -10.000 0.0000000000
-1  29.000  -4.000  -10.000 0.0000000000
-1  32.000  -4.000  -11.000 0.0000000000
-1  31.000  -4.000  -11.000 0.0000000000
-1  33.000  -3.000  -10.000 0.0000000000
-1  32.000  -3.000  -10.000 0.0000000000
-1  31.000  -3.000  -10.000 0.0000000000
-1  30.000  -3.000  -10.000 0.0000000000
-1  29.000  -3.000  -10.000 0.0000000000
-1  32.000  -3.000  -11.000 0.0000000000
-1  31.000  -3.000  -11.000 0.0000000000
-1  30.000  -3.000  -11.000 0.0000000000
-1  29.000  -3.000  -11.000 0.0000000000
-1  31.000  -3.000  -12.000 0.0000000000
-1  29.000  -3.000  -12.000 0.0000000000
-1  32.000  -2.000  -10.000 0.0000000000
-1  31.000  -2.000  -10.000 0.0000000000
-1  30.000  -2.000  -10.000 0.0000000000
-1  29.000  -2.000  -10.000 0.0000000000
-1  28.000  -2.000  -10.000 0.0000000000
-1  32.000  -2.000  -11.000 0.0000000000
-1  31.000  -2.000  -11.000 0.0000000000
-1  30.000  -2.000  -11.000 0.0000000000
-1  29.000  -2.000  -11.000 0.0000000000
-1  28.000  -2.000  -11.000 0.0000000000
-1  31.000  -2.000  -12.000 0.0000000000
-1  30.000  -2.000  -12.000 0.0000000000
-1  29.000  -2.000  -12.000 0.0000000000
-1  28.000  -2.000  -12.000 0.0000000000
-1  31.000  -1.000  -10.000 0.0000000000
-1  30.000  -1.000  -10.000 0.0000000000
-1  29.000  -1.000  -10.000 0.0000000000
-1  28.000  -1.000  -10.000 0.0000000000
-1  31.000  -1.000  -11.000 0.0000000000
-1  30.000  -1.000  -11.000 0.0000000000
-1  29.000  -1.000  -11.000 0.0000000000
-1  28.000  -1.000  -11.000 0.0000000000
-1  31.000  -1.000  -12.000 0.0000000000
-1  30.000  -1.000  -12.000 0.0000000000
-1  29.000  -1.000  -12.000 0.0000000000
-1  30.000  0.000  -10.000 0.0000000000
-1  30.000  0.000  -11.000 0.0000000000
-1  29.000  0.000  -11.000 0.0000000000
-1  28.000  0.000  -11.000 0.0000000000
-1  29.000  1.000  -11.000 0.0000000000
-1  28.000  1.000  -11.000 0.0000000000
-1  27.000  1.000  -11.000 0.0000000000
