#!ascii label /Users/megardn/Desktop/BGD_Repos/labels/lh_0077.label , from subject  vox2ras=TkReg
14
-1  -29.000  -65.000  6.000 0.0000000000
-1  -29.000  -64.000  6.000 0.0000000000
-1  -31.000  -61.000  6.000 0.0000000000
-1  -32.000  -57.000  10.000 0.0000000000
-1  -32.000  -57.000  8.000 0.0000000000
-1  -32.000  -54.000  11.000 0.0000000000
-1  -32.000  -54.000  10.000 0.0000000000
-1  -33.000  -54.000  9.000 0.0000000000
-1  -34.000  -48.000  4.000 0.0000000000
-1  -34.000  -47.000  3.000 0.0000000000
-1  -32.000  -44.000  8.000 0.0000000000
-1  -31.000  -43.000  9.000 0.0000000000
-1  23.000  29.000  8.000 0.0000000000
-1  23.000  30.000  7.000 0.0000000000
