#!ascii label /Users/megardn/Desktop/BGD_Repos/labels/lh_0255.label , from subject  vox2ras=TkReg
1160
-1  1.000  15.000  1.000 0.0000000000
-1  0.000  15.000  1.000 0.0000000000
-1  1.000  15.000  0.000 0.0000000000
-1  0.000  15.000  0.000 0.0000000000
-1  -1.000  15.000  0.000 0.0000000000
-1  1.000  15.000  -1.000 0.0000000000
-1  0.000  15.000  -1.000 0.0000000000
-1  1.000  16.000  1.000 0.0000000000
-1  0.000  16.000  1.000 0.0000000000
-1  2.000  16.000  0.000 0.0000000000
-1  1.000  16.000  0.000 0.0000000000
-1  0.000  16.000  0.000 0.0000000000
-1  -1.000  16.000  0.000 0.0000000000
-1  2.000  16.000  -1.000 0.0000000000
-1  1.000  16.000  -1.000 0.0000000000
-1  0.000  16.000  -1.000 0.0000000000
-1  -1.000  16.000  -1.000 0.0000000000
-1  2.000  16.000  -2.000 0.0000000000
-1  1.000  16.000  -2.000 0.0000000000
-1  0.000  16.000  -2.000 0.0000000000
-1  -1.000  16.000  -2.000 0.0000000000
-1  1.000  17.000  2.000 0.0000000000
-1  0.000  17.000  2.000 0.0000000000
-1  2.000  17.000  1.000 0.0000000000
-1  1.000  17.000  1.000 0.0000000000
-1  0.000  17.000  1.000 0.0000000000
-1  -1.000  17.000  1.000 0.0000000000
-1  2.000  17.000  0.000 0.0000000000
-1  1.000  17.000  0.000 0.0000000000
-1  0.000  17.000  0.000 0.0000000000
-1  -1.000  17.000  0.000 0.0000000000
-1  2.000  17.000  -1.000 0.0000000000
-1  1.000  17.000  -1.000 0.0000000000
-1  0.000  17.000  -1.000 0.0000000000
-1  -1.000  17.000  -1.000 0.0000000000
-1  -2.000  17.000  -1.000 0.0000000000
-1  2.000  17.000  -2.000 0.0000000000
-1  1.000  17.000  -2.000 0.0000000000
-1  0.000  17.000  -2.000 0.0000000000
-1  -1.000  17.000  -2.000 0.0000000000
-1  -2.000  17.000  -2.000 0.0000000000
-1  2.000  17.000  -3.000 0.0000000000
-1  -1.000  17.000  -3.000 0.0000000000
-1  -2.000  17.000  -3.000 0.0000000000
-1  2.000  18.000  2.000 0.0000000000
-1  1.000  18.000  2.000 0.0000000000
-1  0.000  18.000  2.000 0.0000000000
-1  2.000  18.000  1.000 0.0000000000
-1  1.000  18.000  1.000 0.0000000000
-1  0.000  18.000  1.000 0.0000000000
-1  -1.000  18.000  1.000 0.0000000000
-1  2.000  18.000  0.000 0.0000000000
-1  1.000  18.000  0.000 0.0000000000
-1  0.000  18.000  0.000 0.0000000000
-1  -1.000  18.000  0.000 0.0000000000
-1  -2.000  18.000  0.000 0.0000000000
-1  2.000  18.000  -1.000 0.0000000000
-1  1.000  18.000  -1.000 0.0000000000
-1  0.000  18.000  -1.000 0.0000000000
-1  -1.000  18.000  -1.000 0.0000000000
-1  -2.000  18.000  -1.000 0.0000000000
-1  2.000  18.000  -2.000 0.0000000000
-1  1.000  18.000  -2.000 0.0000000000
-1  0.000  18.000  -2.000 0.0000000000
-1  -1.000  18.000  -2.000 0.0000000000
-1  -2.000  18.000  -2.000 0.0000000000
-1  2.000  18.000  -3.000 0.0000000000
-1  1.000  18.000  -3.000 0.0000000000
-1  0.000  18.000  -3.000 0.0000000000
-1  -1.000  18.000  -3.000 0.0000000000
-1  -2.000  18.000  -3.000 0.0000000000
-1  2.000  19.000  13.000 0.0000000000
-1  1.000  19.000  13.000 0.0000000000
-1  0.000  19.000  13.000 0.0000000000
-1  -1.000  19.000  13.000 0.0000000000
-1  2.000  19.000  12.000 0.0000000000
-1  1.000  19.000  12.000 0.0000000000
-1  0.000  19.000  12.000 0.0000000000
-1  -1.000  19.000  12.000 0.0000000000
-1  2.000  19.000  11.000 0.0000000000
-1  0.000  19.000  11.000 0.0000000000
-1  -1.000  19.000  11.000 0.0000000000
-1  0.000  19.000  3.000 0.0000000000
-1  2.000  19.000  2.000 0.0000000000
-1  1.000  19.000  2.000 0.0000000000
-1  0.000  19.000  2.000 0.0000000000
-1  -1.000  19.000  2.000 0.0000000000
-1  2.000  19.000  1.000 0.0000000000
-1  1.000  19.000  1.000 0.0000000000
-1  0.000  19.000  1.000 0.0000000000
-1  -1.000  19.000  1.000 0.0000000000
-1  -2.000  19.000  1.000 0.0000000000
-1  2.000  19.000  0.000 0.0000000000
-1  1.000  19.000  0.000 0.0000000000
-1  0.000  19.000  0.000 0.0000000000
-1  -1.000  19.000  0.000 0.0000000000
-1  -2.000  19.000  0.000 0.0000000000
-1  2.000  19.000  -1.000 0.0000000000
-1  1.000  19.000  -1.000 0.0000000000
-1  0.000  19.000  -1.000 0.0000000000
-1  -1.000  19.000  -1.000 0.0000000000
-1  -2.000  19.000  -1.000 0.0000000000
-1  2.000  19.000  -2.000 0.0000000000
-1  1.000  19.000  -2.000 0.0000000000
-1  0.000  19.000  -2.000 0.0000000000
-1  -1.000  19.000  -2.000 0.0000000000
-1  -2.000  19.000  -2.000 0.0000000000
-1  2.000  19.000  -3.000 0.0000000000
-1  1.000  19.000  -3.000 0.0000000000
-1  0.000  19.000  -3.000 0.0000000000
-1  -1.000  19.000  -3.000 0.0000000000
-1  -2.000  19.000  -3.000 0.0000000000
-1  1.000  20.000  16.000 0.0000000000
-1  0.000  20.000  16.000 0.0000000000
-1  -1.000  20.000  16.000 0.0000000000
-1  -2.000  20.000  16.000 0.0000000000
-1  2.000  20.000  15.000 0.0000000000
-1  1.000  20.000  15.000 0.0000000000
-1  0.000  20.000  15.000 0.0000000000
-1  -1.000  20.000  15.000 0.0000000000
-1  -2.000  20.000  15.000 0.0000000000
-1  2.000  20.000  14.000 0.0000000000
-1  1.000  20.000  14.000 0.0000000000
-1  0.000  20.000  14.000 0.0000000000
-1  -1.000  20.000  14.000 0.0000000000
-1  -2.000  20.000  14.000 0.0000000000
-1  2.000  20.000  13.000 0.0000000000
-1  1.000  20.000  13.000 0.0000000000
-1  0.000  20.000  13.000 0.0000000000
-1  -1.000  20.000  13.000 0.0000000000
-1  -2.000  20.000  13.000 0.0000000000
-1  2.000  20.000  12.000 0.0000000000
-1  1.000  20.000  12.000 0.0000000000
-1  0.000  20.000  12.000 0.0000000000
-1  -1.000  20.000  12.000 0.0000000000
-1  2.000  20.000  11.000 0.0000000000
-1  1.000  20.000  11.000 0.0000000000
-1  0.000  20.000  11.000 0.0000000000
-1  -1.000  20.000  11.000 0.0000000000
-1  -2.000  20.000  11.000 0.0000000000
-1  2.000  20.000  10.000 0.0000000000
-1  1.000  20.000  10.000 0.0000000000
-1  0.000  20.000  10.000 0.0000000000
-1  -1.000  20.000  10.000 0.0000000000
-1  2.000  20.000  9.000 0.0000000000
-1  0.000  20.000  9.000 0.0000000000
-1  -1.000  20.000  9.000 0.0000000000
-1  2.000  20.000  4.000 0.0000000000
-1  2.000  20.000  3.000 0.0000000000
-1  1.000  20.000  3.000 0.0000000000
-1  0.000  20.000  3.000 0.0000000000
-1  -1.000  20.000  3.000 0.0000000000
-1  2.000  20.000  2.000 0.0000000000
-1  1.000  20.000  2.000 0.0000000000
-1  0.000  20.000  2.000 0.0000000000
-1  -1.000  20.000  2.000 0.0000000000
-1  2.000  20.000  1.000 0.0000000000
-1  1.000  20.000  1.000 0.0000000000
-1  0.000  20.000  1.000 0.0000000000
-1  -1.000  20.000  1.000 0.0000000000
-1  -2.000  20.000  1.000 0.0000000000
-1  2.000  20.000  0.000 0.0000000000
-1  1.000  20.000  0.000 0.0000000000
-1  0.000  20.000  0.000 0.0000000000
-1  -1.000  20.000  0.000 0.0000000000
-1  -2.000  20.000  0.000 0.0000000000
-1  2.000  20.000  -1.000 0.0000000000
-1  1.000  20.000  -1.000 0.0000000000
-1  0.000  20.000  -1.000 0.0000000000
-1  -1.000  20.000  -1.000 0.0000000000
-1  -2.000  20.000  -1.000 0.0000000000
-1  2.000  20.000  -2.000 0.0000000000
-1  1.000  20.000  -2.000 0.0000000000
-1  0.000  20.000  -2.000 0.0000000000
-1  -1.000  20.000  -2.000 0.0000000000
-1  -2.000  20.000  -2.000 0.0000000000
-1  2.000  20.000  -3.000 0.0000000000
-1  1.000  20.000  -3.000 0.0000000000
-1  0.000  20.000  -3.000 0.0000000000
-1  -1.000  20.000  -3.000 0.0000000000
-1  -2.000  20.000  -3.000 0.0000000000
-1  2.000  21.000  18.000 0.0000000000
-1  2.000  21.000  17.000 0.0000000000
-1  1.000  21.000  17.000 0.0000000000
-1  0.000  21.000  17.000 0.0000000000
-1  -1.000  21.000  17.000 0.0000000000
-1  2.000  21.000  16.000 0.0000000000
-1  1.000  21.000  16.000 0.0000000000
-1  0.000  21.000  16.000 0.0000000000
-1  -1.000  21.000  16.000 0.0000000000
-1  -2.000  21.000  16.000 0.0000000000
-1  2.000  21.000  15.000 0.0000000000
-1  1.000  21.000  15.000 0.0000000000
-1  0.000  21.000  15.000 0.0000000000
-1  -1.000  21.000  15.000 0.0000000000
-1  -2.000  21.000  15.000 0.0000000000
-1  2.000  21.000  14.000 0.0000000000
-1  1.000  21.000  14.000 0.0000000000
-1  0.000  21.000  14.000 0.0000000000
-1  -1.000  21.000  14.000 0.0000000000
-1  -2.000  21.000  14.000 0.0000000000
-1  2.000  21.000  13.000 0.0000000000
-1  1.000  21.000  13.000 0.0000000000
-1  0.000  21.000  13.000 0.0000000000
-1  -1.000  21.000  13.000 0.0000000000
-1  -2.000  21.000  13.000 0.0000000000
-1  2.000  21.000  12.000 0.0000000000
-1  1.000  21.000  12.000 0.0000000000
-1  0.000  21.000  12.000 0.0000000000
-1  -1.000  21.000  12.000 0.0000000000
-1  -2.000  21.000  12.000 0.0000000000
-1  2.000  21.000  11.000 0.0000000000
-1  1.000  21.000  11.000 0.0000000000
-1  0.000  21.000  11.000 0.0000000000
-1  -1.000  21.000  11.000 0.0000000000
-1  -2.000  21.000  11.000 0.0000000000
-1  2.000  21.000  10.000 0.0000000000
-1  1.000  21.000  10.000 0.0000000000
-1  0.000  21.000  10.000 0.0000000000
-1  -1.000  21.000  10.000 0.0000000000
-1  -2.000  21.000  10.000 0.0000000000
-1  2.000  21.000  9.000 0.0000000000
-1  1.000  21.000  9.000 0.0000000000
-1  0.000  21.000  9.000 0.0000000000
-1  -1.000  21.000  9.000 0.0000000000
-1  2.000  21.000  8.000 0.0000000000
-1  1.000  21.000  8.000 0.0000000000
-1  0.000  21.000  8.000 0.0000000000
-1  -1.000  21.000  8.000 0.0000000000
-1  0.000  21.000  7.000 0.0000000000
-1  2.000  21.000  6.000 0.0000000000
-1  1.000  21.000  6.000 0.0000000000
-1  0.000  21.000  6.000 0.0000000000
-1  2.000  21.000  5.000 0.0000000000
-1  1.000  21.000  5.000 0.0000000000
-1  0.000  21.000  5.000 0.0000000000
-1  2.000  21.000  4.000 0.0000000000
-1  1.000  21.000  4.000 0.0000000000
-1  0.000  21.000  4.000 0.0000000000
-1  -1.000  21.000  4.000 0.0000000000
-1  2.000  21.000  3.000 0.0000000000
-1  1.000  21.000  3.000 0.0000000000
-1  0.000  21.000  3.000 0.0000000000
-1  -1.000  21.000  3.000 0.0000000000
-1  -2.000  21.000  3.000 0.0000000000
-1  2.000  21.000  2.000 0.0000000000
-1  1.000  21.000  2.000 0.0000000000
-1  0.000  21.000  2.000 0.0000000000
-1  -1.000  21.000  2.000 0.0000000000
-1  -2.000  21.000  2.000 0.0000000000
-1  2.000  21.000  1.000 0.0000000000
-1  1.000  21.000  1.000 0.0000000000
-1  0.000  21.000  1.000 0.0000000000
-1  -1.000  21.000  1.000 0.0000000000
-1  -2.000  21.000  1.000 0.0000000000
-1  2.000  21.000  0.000 0.0000000000
-1  1.000  21.000  0.000 0.0000000000
-1  0.000  21.000  0.000 0.0000000000
-1  -1.000  21.000  0.000 0.0000000000
-1  -2.000  21.000  0.000 0.0000000000
-1  2.000  21.000  -1.000 0.0000000000
-1  1.000  21.000  -1.000 0.0000000000
-1  0.000  21.000  -1.000 0.0000000000
-1  -1.000  21.000  -1.000 0.0000000000
-1  -2.000  21.000  -1.000 0.0000000000
-1  2.000  21.000  -2.000 0.0000000000
-1  1.000  21.000  -2.000 0.0000000000
-1  0.000  21.000  -2.000 0.0000000000
-1  -1.000  21.000  -2.000 0.0000000000
-1  -2.000  21.000  -2.000 0.0000000000
-1  2.000  21.000  -3.000 0.0000000000
-1  1.000  21.000  -3.000 0.0000000000
-1  0.000  21.000  -3.000 0.0000000000
-1  -1.000  21.000  -3.000 0.0000000000
-1  -2.000  21.000  -3.000 0.0000000000
-1  2.000  22.000  17.000 0.0000000000
-1  1.000  22.000  17.000 0.0000000000
-1  0.000  22.000  17.000 0.0000000000
-1  -1.000  22.000  17.000 0.0000000000
-1  2.000  22.000  16.000 0.0000000000
-1  1.000  22.000  16.000 0.0000000000
-1  0.000  22.000  16.000 0.0000000000
-1  -1.000  22.000  16.000 0.0000000000
-1  -2.000  22.000  16.000 0.0000000000
-1  2.000  22.000  15.000 0.0000000000
-1  1.000  22.000  15.000 0.0000000000
-1  0.000  22.000  15.000 0.0000000000
-1  -1.000  22.000  15.000 0.0000000000
-1  -2.000  22.000  15.000 0.0000000000
-1  2.000  22.000  14.000 0.0000000000
-1  1.000  22.000  14.000 0.0000000000
-1  0.000  22.000  14.000 0.0000000000
-1  -1.000  22.000  14.000 0.0000000000
-1  -2.000  22.000  14.000 0.0000000000
-1  2.000  22.000  13.000 0.0000000000
-1  1.000  22.000  13.000 0.0000000000
-1  0.000  22.000  13.000 0.0000000000
-1  -1.000  22.000  13.000 0.0000000000
-1  -2.000  22.000  13.000 0.0000000000
-1  2.000  22.000  12.000 0.0000000000
-1  1.000  22.000  12.000 0.0000000000
-1  0.000  22.000  12.000 0.0000000000
-1  -1.000  22.000  12.000 0.0000000000
-1  -2.000  22.000  12.000 0.0000000000
-1  2.000  22.000  11.000 0.0000000000
-1  1.000  22.000  11.000 0.0000000000
-1  0.000  22.000  11.000 0.0000000000
-1  -1.000  22.000  11.000 0.0000000000
-1  -2.000  22.000  11.000 0.0000000000
-1  2.000  22.000  10.000 0.0000000000
-1  1.000  22.000  10.000 0.0000000000
-1  0.000  22.000  10.000 0.0000000000
-1  -1.000  22.000  10.000 0.0000000000
-1  -2.000  22.000  10.000 0.0000000000
-1  2.000  22.000  9.000 0.0000000000
-1  1.000  22.000  9.000 0.0000000000
-1  0.000  22.000  9.000 0.0000000000
-1  -1.000  22.000  9.000 0.0000000000
-1  -2.000  22.000  9.000 0.0000000000
-1  2.000  22.000  8.000 0.0000000000
-1  1.000  22.000  8.000 0.0000000000
-1  0.000  22.000  8.000 0.0000000000
-1  -1.000  22.000  8.000 0.0000000000
-1  -2.000  22.000  8.000 0.0000000000
-1  2.000  22.000  7.000 0.0000000000
-1  1.000  22.000  7.000 0.0000000000
-1  0.000  22.000  7.000 0.0000000000
-1  -1.000  22.000  7.000 0.0000000000
-1  -2.000  22.000  7.000 0.0000000000
-1  2.000  22.000  6.000 0.0000000000
-1  1.000  22.000  6.000 0.0000000000
-1  0.000  22.000  6.000 0.0000000000
-1  -1.000  22.000  6.000 0.0000000000
-1  -2.000  22.000  6.000 0.0000000000
-1  2.000  22.000  5.000 0.0000000000
-1  1.000  22.000  5.000 0.0000000000
-1  0.000  22.000  5.000 0.0000000000
-1  -1.000  22.000  5.000 0.0000000000
-1  -2.000  22.000  5.000 0.0000000000
-1  2.000  22.000  4.000 0.0000000000
-1  1.000  22.000  4.000 0.0000000000
-1  0.000  22.000  4.000 0.0000000000
-1  -1.000  22.000  4.000 0.0000000000
-1  -2.000  22.000  4.000 0.0000000000
-1  2.000  22.000  3.000 0.0000000000
-1  1.000  22.000  3.000 0.0000000000
-1  0.000  22.000  3.000 0.0000000000
-1  -1.000  22.000  3.000 0.0000000000
-1  -2.000  22.000  3.000 0.0000000000
-1  2.000  22.000  2.000 0.0000000000
-1  1.000  22.000  2.000 0.0000000000
-1  0.000  22.000  2.000 0.0000000000
-1  -1.000  22.000  2.000 0.0000000000
-1  -2.000  22.000  2.000 0.0000000000
-1  2.000  22.000  1.000 0.0000000000
-1  1.000  22.000  1.000 0.0000000000
-1  0.000  22.000  1.000 0.0000000000
-1  -1.000  22.000  1.000 0.0000000000
-1  -2.000  22.000  1.000 0.0000000000
-1  2.000  22.000  0.000 0.0000000000
-1  1.000  22.000  0.000 0.0000000000
-1  0.000  22.000  0.000 0.0000000000
-1  -1.000  22.000  0.000 0.0000000000
-1  -2.000  22.000  0.000 0.0000000000
-1  2.000  22.000  -1.000 0.0000000000
-1  1.000  22.000  -1.000 0.0000000000
-1  0.000  22.000  -1.000 0.0000000000
-1  -1.000  22.000  -1.000 0.0000000000
-1  -2.000  22.000  -1.000 0.0000000000
-1  2.000  22.000  -2.000 0.0000000000
-1  1.000  22.000  -2.000 0.0000000000
-1  0.000  22.000  -2.000 0.0000000000
-1  -1.000  22.000  -2.000 0.0000000000
-1  -2.000  22.000  -2.000 0.0000000000
-1  2.000  22.000  -3.000 0.0000000000
-1  1.000  22.000  -3.000 0.0000000000
-1  0.000  22.000  -3.000 0.0000000000
-1  -1.000  22.000  -3.000 0.0000000000
-1  -2.000  22.000  -3.000 0.0000000000
-1  -2.000  22.000  -4.000 0.0000000000
-1  -1.000  23.000  17.000 0.0000000000
-1  3.000  23.000  16.000 0.0000000000
-1  2.000  23.000  16.000 0.0000000000
-1  1.000  23.000  16.000 0.0000000000
-1  0.000  23.000  16.000 0.0000000000
-1  -1.000  23.000  16.000 0.0000000000
-1  -2.000  23.000  16.000 0.0000000000
-1  3.000  23.000  15.000 0.0000000000
-1  2.000  23.000  15.000 0.0000000000
-1  1.000  23.000  15.000 0.0000000000
-1  0.000  23.000  15.000 0.0000000000
-1  -1.000  23.000  15.000 0.0000000000
-1  -2.000  23.000  15.000 0.0000000000
-1  3.000  23.000  14.000 0.0000000000
-1  2.000  23.000  14.000 0.0000000000
-1  1.000  23.000  14.000 0.0000000000
-1  0.000  23.000  14.000 0.0000000000
-1  -1.000  23.000  14.000 0.0000000000
-1  -2.000  23.000  14.000 0.0000000000
-1  2.000  23.000  13.000 0.0000000000
-1  1.000  23.000  13.000 0.0000000000
-1  0.000  23.000  13.000 0.0000000000
-1  -1.000  23.000  13.000 0.0000000000
-1  -2.000  23.000  13.000 0.0000000000
-1  2.000  23.000  12.000 0.0000000000
-1  1.000  23.000  12.000 0.0000000000
-1  0.000  23.000  12.000 0.0000000000
-1  -1.000  23.000  12.000 0.0000000000
-1  -2.000  23.000  12.000 0.0000000000
-1  2.000  23.000  11.000 0.0000000000
-1  1.000  23.000  11.000 0.0000000000
-1  0.000  23.000  11.000 0.0000000000
-1  -1.000  23.000  11.000 0.0000000000
-1  -2.000  23.000  11.000 0.0000000000
-1  2.000  23.000  10.000 0.0000000000
-1  1.000  23.000  10.000 0.0000000000
-1  0.000  23.000  10.000 0.0000000000
-1  -1.000  23.000  10.000 0.0000000000
-1  -2.000  23.000  10.000 0.0000000000
-1  3.000  23.000  9.000 0.0000000000
-1  2.000  23.000  9.000 0.0000000000
-1  1.000  23.000  9.000 0.0000000000
-1  0.000  23.000  9.000 0.0000000000
-1  -1.000  23.000  9.000 0.0000000000
-1  -2.000  23.000  9.000 0.0000000000
-1  3.000  23.000  8.000 0.0000000000
-1  2.000  23.000  8.000 0.0000000000
-1  1.000  23.000  8.000 0.0000000000
-1  0.000  23.000  8.000 0.0000000000
-1  -1.000  23.000  8.000 0.0000000000
-1  -2.000  23.000  8.000 0.0000000000
-1  2.000  23.000  7.000 0.0000000000
-1  1.000  23.000  7.000 0.0000000000
-1  0.000  23.000  7.000 0.0000000000
-1  -1.000  23.000  7.000 0.0000000000
-1  -2.000  23.000  7.000 0.0000000000
-1  3.000  23.000  6.000 0.0000000000
-1  2.000  23.000  6.000 0.0000000000
-1  1.000  23.000  6.000 0.0000000000
-1  0.000  23.000  6.000 0.0000000000
-1  -1.000  23.000  6.000 0.0000000000
-1  -2.000  23.000  6.000 0.0000000000
-1  3.000  23.000  5.000 0.0000000000
-1  2.000  23.000  5.000 0.0000000000
-1  1.000  23.000  5.000 0.0000000000
-1  0.000  23.000  5.000 0.0000000000
-1  -1.000  23.000  5.000 0.0000000000
-1  -2.000  23.000  5.000 0.0000000000
-1  2.000  23.000  4.000 0.0000000000
-1  1.000  23.000  4.000 0.0000000000
-1  0.000  23.000  4.000 0.0000000000
-1  -1.000  23.000  4.000 0.0000000000
-1  -2.000  23.000  4.000 0.0000000000
-1  2.000  23.000  3.000 0.0000000000
-1  1.000  23.000  3.000 0.0000000000
-1  0.000  23.000  3.000 0.0000000000
-1  -1.000  23.000  3.000 0.0000000000
-1  -2.000  23.000  3.000 0.0000000000
-1  2.000  23.000  2.000 0.0000000000
-1  1.000  23.000  2.000 0.0000000000
-1  0.000  23.000  2.000 0.0000000000
-1  -1.000  23.000  2.000 0.0000000000
-1  -2.000  23.000  2.000 0.0000000000
-1  2.000  23.000  1.000 0.0000000000
-1  1.000  23.000  1.000 0.0000000000
-1  0.000  23.000  1.000 0.0000000000
-1  -1.000  23.000  1.000 0.0000000000
-1  -2.000  23.000  1.000 0.0000000000
-1  2.000  23.000  0.000 0.0000000000
-1  1.000  23.000  0.000 0.0000000000
-1  0.000  23.000  0.000 0.0000000000
-1  -1.000  23.000  0.000 0.0000000000
-1  -2.000  23.000  0.000 0.0000000000
-1  2.000  23.000  -1.000 0.0000000000
-1  1.000  23.000  -1.000 0.0000000000
-1  0.000  23.000  -1.000 0.0000000000
-1  -1.000  23.000  -1.000 0.0000000000
-1  -2.000  23.000  -1.000 0.0000000000
-1  2.000  23.000  -2.000 0.0000000000
-1  1.000  23.000  -2.000 0.0000000000
-1  0.000  23.000  -2.000 0.0000000000
-1  -1.000  23.000  -2.000 0.0000000000
-1  -2.000  23.000  -2.000 0.0000000000
-1  2.000  23.000  -3.000 0.0000000000
-1  1.000  23.000  -3.000 0.0000000000
-1  0.000  23.000  -3.000 0.0000000000
-1  -1.000  23.000  -3.000 0.0000000000
-1  -2.000  23.000  -3.000 0.0000000000
-1  2.000  24.000  16.000 0.0000000000
-1  -1.000  24.000  16.000 0.0000000000
-1  -2.000  24.000  16.000 0.0000000000
-1  2.000  24.000  15.000 0.0000000000
-1  1.000  24.000  15.000 0.0000000000
-1  0.000  24.000  15.000 0.0000000000
-1  -1.000  24.000  15.000 0.0000000000
-1  -2.000  24.000  15.000 0.0000000000
-1  3.000  24.000  14.000 0.0000000000
-1  2.000  24.000  14.000 0.0000000000
-1  1.000  24.000  14.000 0.0000000000
-1  0.000  24.000  14.000 0.0000000000
-1  -1.000  24.000  14.000 0.0000000000
-1  -2.000  24.000  14.000 0.0000000000
-1  2.000  24.000  13.000 0.0000000000
-1  1.000  24.000  13.000 0.0000000000
-1  0.000  24.000  13.000 0.0000000000
-1  -1.000  24.000  13.000 0.0000000000
-1  -2.000  24.000  13.000 0.0000000000
-1  3.000  24.000  12.000 0.0000000000
-1  2.000  24.000  12.000 0.0000000000
-1  1.000  24.000  12.000 0.0000000000
-1  0.000  24.000  12.000 0.0000000000
-1  -1.000  24.000  12.000 0.0000000000
-1  -2.000  24.000  12.000 0.0000000000
-1  2.000  24.000  11.000 0.0000000000
-1  1.000  24.000  11.000 0.0000000000
-1  0.000  24.000  11.000 0.0000000000
-1  -1.000  24.000  11.000 0.0000000000
-1  -2.000  24.000  11.000 0.0000000000
-1  2.000  24.000  10.000 0.0000000000
-1  1.000  24.000  10.000 0.0000000000
-1  0.000  24.000  10.000 0.0000000000
-1  -1.000  24.000  10.000 0.0000000000
-1  -2.000  24.000  10.000 0.0000000000
-1  3.000  24.000  9.000 0.0000000000
-1  2.000  24.000  9.000 0.0000000000
-1  1.000  24.000  9.000 0.0000000000
-1  0.000  24.000  9.000 0.0000000000
-1  -1.000  24.000  9.000 0.0000000000
-1  -2.000  24.000  9.000 0.0000000000
-1  3.000  24.000  8.000 0.0000000000
-1  2.000  24.000  8.000 0.0000000000
-1  1.000  24.000  8.000 0.0000000000
-1  0.000  24.000  8.000 0.0000000000
-1  -1.000  24.000  8.000 0.0000000000
-1  -2.000  24.000  8.000 0.0000000000
-1  3.000  24.000  7.000 0.0000000000
-1  2.000  24.000  7.000 0.0000000000
-1  1.000  24.000  7.000 0.0000000000
-1  0.000  24.000  7.000 0.0000000000
-1  -1.000  24.000  7.000 0.0000000000
-1  -2.000  24.000  7.000 0.0000000000
-1  3.000  24.000  6.000 0.0000000000
-1  2.000  24.000  6.000 0.0000000000
-1  1.000  24.000  6.000 0.0000000000
-1  0.000  24.000  6.000 0.0000000000
-1  -1.000  24.000  6.000 0.0000000000
-1  -2.000  24.000  6.000 0.0000000000
-1  3.000  24.000  5.000 0.0000000000
-1  2.000  24.000  5.000 0.0000000000
-1  1.000  24.000  5.000 0.0000000000
-1  0.000  24.000  5.000 0.0000000000
-1  -1.000  24.000  5.000 0.0000000000
-1  -2.000  24.000  5.000 0.0000000000
-1  2.000  24.000  4.000 0.0000000000
-1  1.000  24.000  4.000 0.0000000000
-1  0.000  24.000  4.000 0.0000000000
-1  -1.000  24.000  4.000 0.0000000000
-1  -2.000  24.000  4.000 0.0000000000
-1  2.000  24.000  3.000 0.0000000000
-1  1.000  24.000  3.000 0.0000000000
-1  0.000  24.000  3.000 0.0000000000
-1  -1.000  24.000  3.000 0.0000000000
-1  -2.000  24.000  3.000 0.0000000000
-1  2.000  24.000  2.000 0.0000000000
-1  1.000  24.000  2.000 0.0000000000
-1  0.000  24.000  2.000 0.0000000000
-1  -1.000  24.000  2.000 0.0000000000
-1  -2.000  24.000  2.000 0.0000000000
-1  2.000  24.000  1.000 0.0000000000
-1  1.000  24.000  1.000 0.0000000000
-1  0.000  24.000  1.000 0.0000000000
-1  -1.000  24.000  1.000 0.0000000000
-1  -2.000  24.000  1.000 0.0000000000
-1  2.000  24.000  0.000 0.0000000000
-1  1.000  24.000  0.000 0.0000000000
-1  0.000  24.000  0.000 0.0000000000
-1  -1.000  24.000  0.000 0.0000000000
-1  -2.000  24.000  0.000 0.0000000000
-1  2.000  24.000  -1.000 0.0000000000
-1  1.000  24.000  -1.000 0.0000000000
-1  0.000  24.000  -1.000 0.0000000000
-1  -1.000  24.000  -1.000 0.0000000000
-1  -2.000  24.000  -1.000 0.0000000000
-1  2.000  24.000  -2.000 0.0000000000
-1  1.000  24.000  -2.000 0.0000000000
-1  0.000  24.000  -2.000 0.0000000000
-1  -1.000  24.000  -2.000 0.0000000000
-1  -2.000  24.000  -2.000 0.0000000000
-1  2.000  24.000  -3.000 0.0000000000
-1  -1.000  24.000  -3.000 0.0000000000
-1  -2.000  24.000  -3.000 0.0000000000
-1  2.000  25.000  15.000 0.0000000000
-1  1.000  25.000  15.000 0.0000000000
-1  0.000  25.000  15.000 0.0000000000
-1  -1.000  25.000  15.000 0.0000000000
-1  -2.000  25.000  15.000 0.0000000000
-1  2.000  25.000  14.000 0.0000000000
-1  1.000  25.000  14.000 0.0000000000
-1  0.000  25.000  14.000 0.0000000000
-1  -1.000  25.000  14.000 0.0000000000
-1  -2.000  25.000  14.000 0.0000000000
-1  2.000  25.000  13.000 0.0000000000
-1  1.000  25.000  13.000 0.0000000000
-1  0.000  25.000  13.000 0.0000000000
-1  -1.000  25.000  13.000 0.0000000000
-1  -2.000  25.000  13.000 0.0000000000
-1  2.000  25.000  12.000 0.0000000000
-1  1.000  25.000  12.000 0.0000000000
-1  0.000  25.000  12.000 0.0000000000
-1  -1.000  25.000  12.000 0.0000000000
-1  -2.000  25.000  12.000 0.0000000000
-1  2.000  25.000  11.000 0.0000000000
-1  1.000  25.000  11.000 0.0000000000
-1  0.000  25.000  11.000 0.0000000000
-1  -1.000  25.000  11.000 0.0000000000
-1  -2.000  25.000  11.000 0.0000000000
-1  2.000  25.000  10.000 0.0000000000
-1  1.000  25.000  10.000 0.0000000000
-1  0.000  25.000  10.000 0.0000000000
-1  -1.000  25.000  10.000 0.0000000000
-1  -2.000  25.000  10.000 0.0000000000
-1  2.000  25.000  9.000 0.0000000000
-1  1.000  25.000  9.000 0.0000000000
-1  0.000  25.000  9.000 0.0000000000
-1  -1.000  25.000  9.000 0.0000000000
-1  -2.000  25.000  9.000 0.0000000000
-1  2.000  25.000  8.000 0.0000000000
-1  1.000  25.000  8.000 0.0000000000
-1  0.000  25.000  8.000 0.0000000000
-1  -1.000  25.000  8.000 0.0000000000
-1  -2.000  25.000  8.000 0.0000000000
-1  3.000  25.000  7.000 0.0000000000
-1  2.000  25.000  7.000 0.0000000000
-1  1.000  25.000  7.000 0.0000000000
-1  0.000  25.000  7.000 0.0000000000
-1  -1.000  25.000  7.000 0.0000000000
-1  -2.000  25.000  7.000 0.0000000000
-1  3.000  25.000  6.000 0.0000000000
-1  2.000  25.000  6.000 0.0000000000
-1  1.000  25.000  6.000 0.0000000000
-1  0.000  25.000  6.000 0.0000000000
-1  -1.000  25.000  6.000 0.0000000000
-1  -2.000  25.000  6.000 0.0000000000
-1  2.000  25.000  5.000 0.0000000000
-1  1.000  25.000  5.000 0.0000000000
-1  0.000  25.000  5.000 0.0000000000
-1  -1.000  25.000  5.000 0.0000000000
-1  -2.000  25.000  5.000 0.0000000000
-1  2.000  25.000  4.000 0.0000000000
-1  1.000  25.000  4.000 0.0000000000
-1  0.000  25.000  4.000 0.0000000000
-1  -1.000  25.000  4.000 0.0000000000
-1  -2.000  25.000  4.000 0.0000000000
-1  3.000  25.000  3.000 0.0000000000
-1  2.000  25.000  3.000 0.0000000000
-1  1.000  25.000  3.000 0.0000000000
-1  0.000  25.000  3.000 0.0000000000
-1  -1.000  25.000  3.000 0.0000000000
-1  -2.000  25.000  3.000 0.0000000000
-1  2.000  25.000  2.000 0.0000000000
-1  1.000  25.000  2.000 0.0000000000
-1  0.000  25.000  2.000 0.0000000000
-1  -1.000  25.000  2.000 0.0000000000
-1  -2.000  25.000  2.000 0.0000000000
-1  2.000  25.000  1.000 0.0000000000
-1  1.000  25.000  1.000 0.0000000000
-1  0.000  25.000  1.000 0.0000000000
-1  -1.000  25.000  1.000 0.0000000000
-1  -2.000  25.000  1.000 0.0000000000
-1  2.000  25.000  0.000 0.0000000000
-1  1.000  25.000  0.000 0.0000000000
-1  0.000  25.000  0.000 0.0000000000
-1  -1.000  25.000  0.000 0.0000000000
-1  -2.000  25.000  0.000 0.0000000000
-1  2.000  25.000  -1.000 0.0000000000
-1  1.000  25.000  -1.000 0.0000000000
-1  0.000  25.000  -1.000 0.0000000000
-1  -1.000  25.000  -1.000 0.0000000000
-1  -2.000  25.000  -1.000 0.0000000000
-1  2.000  25.000  -2.000 0.0000000000
-1  1.000  25.000  -2.000 0.0000000000
-1  0.000  25.000  -2.000 0.0000000000
-1  -1.000  25.000  -2.000 0.0000000000
-1  -2.000  25.000  -2.000 0.0000000000
-1  2.000  25.000  -3.000 0.0000000000
-1  -1.000  25.000  -3.000 0.0000000000
-1  -2.000  25.000  -3.000 0.0000000000
-1  -1.000  26.000  15.000 0.0000000000
-1  2.000  26.000  14.000 0.0000000000
-1  1.000  26.000  14.000 0.0000000000
-1  0.000  26.000  14.000 0.0000000000
-1  -1.000  26.000  14.000 0.0000000000
-1  -2.000  26.000  14.000 0.0000000000
-1  3.000  26.000  13.000 0.0000000000
-1  2.000  26.000  13.000 0.0000000000
-1  1.000  26.000  13.000 0.0000000000
-1  0.000  26.000  13.000 0.0000000000
-1  -1.000  26.000  13.000 0.0000000000
-1  -2.000  26.000  13.000 0.0000000000
-1  3.000  26.000  12.000 0.0000000000
-1  2.000  26.000  12.000 0.0000000000
-1  1.000  26.000  12.000 0.0000000000
-1  0.000  26.000  12.000 0.0000000000
-1  -1.000  26.000  12.000 0.0000000000
-1  -2.000  26.000  12.000 0.0000000000
-1  2.000  26.000  11.000 0.0000000000
-1  1.000  26.000  11.000 0.0000000000
-1  0.000  26.000  11.000 0.0000000000
-1  -1.000  26.000  11.000 0.0000000000
-1  -2.000  26.000  11.000 0.0000000000
-1  2.000  26.000  10.000 0.0000000000
-1  1.000  26.000  10.000 0.0000000000
-1  0.000  26.000  10.000 0.0000000000
-1  -1.000  26.000  10.000 0.0000000000
-1  -2.000  26.000  10.000 0.0000000000
-1  2.000  26.000  9.000 0.0000000000
-1  1.000  26.000  9.000 0.0000000000
-1  0.000  26.000  9.000 0.0000000000
-1  -1.000  26.000  9.000 0.0000000000
-1  -2.000  26.000  9.000 0.0000000000
-1  2.000  26.000  8.000 0.0000000000
-1  1.000  26.000  8.000 0.0000000000
-1  0.000  26.000  8.000 0.0000000000
-1  -1.000  26.000  8.000 0.0000000000
-1  -2.000  26.000  8.000 0.0000000000
-1  2.000  26.000  7.000 0.0000000000
-1  1.000  26.000  7.000 0.0000000000
-1  0.000  26.000  7.000 0.0000000000
-1  -1.000  26.000  7.000 0.0000000000
-1  -2.000  26.000  7.000 0.0000000000
-1  2.000  26.000  6.000 0.0000000000
-1  1.000  26.000  6.000 0.0000000000
-1  0.000  26.000  6.000 0.0000000000
-1  -1.000  26.000  6.000 0.0000000000
-1  -2.000  26.000  6.000 0.0000000000
-1  2.000  26.000  5.000 0.0000000000
-1  1.000  26.000  5.000 0.0000000000
-1  0.000  26.000  5.000 0.0000000000
-1  -1.000  26.000  5.000 0.0000000000
-1  -2.000  26.000  5.000 0.0000000000
-1  2.000  26.000  4.000 0.0000000000
-1  1.000  26.000  4.000 0.0000000000
-1  0.000  26.000  4.000 0.0000000000
-1  -1.000  26.000  4.000 0.0000000000
-1  -2.000  26.000  4.000 0.0000000000
-1  2.000  26.000  3.000 0.0000000000
-1  1.000  26.000  3.000 0.0000000000
-1  0.000  26.000  3.000 0.0000000000
-1  -1.000  26.000  3.000 0.0000000000
-1  -2.000  26.000  3.000 0.0000000000
-1  2.000  26.000  2.000 0.0000000000
-1  1.000  26.000  2.000 0.0000000000
-1  0.000  26.000  2.000 0.0000000000
-1  -1.000  26.000  2.000 0.0000000000
-1  -2.000  26.000  2.000 0.0000000000
-1  2.000  26.000  1.000 0.0000000000
-1  1.000  26.000  1.000 0.0000000000
-1  0.000  26.000  1.000 0.0000000000
-1  -1.000  26.000  1.000 0.0000000000
-1  -2.000  26.000  1.000 0.0000000000
-1  2.000  26.000  0.000 0.0000000000
-1  1.000  26.000  0.000 0.0000000000
-1  0.000  26.000  0.000 0.0000000000
-1  -1.000  26.000  0.000 0.0000000000
-1  -2.000  26.000  0.000 0.0000000000
-1  2.000  26.000  -1.000 0.0000000000
-1  1.000  26.000  -1.000 0.0000000000
-1  0.000  26.000  -1.000 0.0000000000
-1  -1.000  26.000  -1.000 0.0000000000
-1  -2.000  26.000  -1.000 0.0000000000
-1  2.000  26.000  -2.000 0.0000000000
-1  1.000  26.000  -2.000 0.0000000000
-1  0.000  26.000  -2.000 0.0000000000
-1  -1.000  26.000  -2.000 0.0000000000
-1  -2.000  26.000  -2.000 0.0000000000
-1  0.000  27.000  14.000 0.0000000000
-1  -1.000  27.000  14.000 0.0000000000
-1  2.000  27.000  13.000 0.0000000000
-1  1.000  27.000  13.000 0.0000000000
-1  0.000  27.000  13.000 0.0000000000
-1  -1.000  27.000  13.000 0.0000000000
-1  2.000  27.000  12.000 0.0000000000
-1  1.000  27.000  12.000 0.0000000000
-1  0.000  27.000  12.000 0.0000000000
-1  -1.000  27.000  12.000 0.0000000000
-1  -2.000  27.000  12.000 0.0000000000
-1  2.000  27.000  11.000 0.0000000000
-1  1.000  27.000  11.000 0.0000000000
-1  0.000  27.000  11.000 0.0000000000
-1  -1.000  27.000  11.000 0.0000000000
-1  -2.000  27.000  11.000 0.0000000000
-1  2.000  27.000  10.000 0.0000000000
-1  1.000  27.000  10.000 0.0000000000
-1  0.000  27.000  10.000 0.0000000000
-1  -1.000  27.000  10.000 0.0000000000
-1  -2.000  27.000  10.000 0.0000000000
-1  3.000  27.000  9.000 0.0000000000
-1  2.000  27.000  9.000 0.0000000000
-1  1.000  27.000  9.000 0.0000000000
-1  0.000  27.000  9.000 0.0000000000
-1  -1.000  27.000  9.000 0.0000000000
-1  -2.000  27.000  9.000 0.0000000000
-1  2.000  27.000  8.000 0.0000000000
-1  1.000  27.000  8.000 0.0000000000
-1  0.000  27.000  8.000 0.0000000000
-1  -1.000  27.000  8.000 0.0000000000
-1  -2.000  27.000  8.000 0.0000000000
-1  2.000  27.000  7.000 0.0000000000
-1  1.000  27.000  7.000 0.0000000000
-1  0.000  27.000  7.000 0.0000000000
-1  -1.000  27.000  7.000 0.0000000000
-1  -2.000  27.000  7.000 0.0000000000
-1  2.000  27.000  6.000 0.0000000000
-1  1.000  27.000  6.000 0.0000000000
-1  0.000  27.000  6.000 0.0000000000
-1  -1.000  27.000  6.000 0.0000000000
-1  -2.000  27.000  6.000 0.0000000000
-1  2.000  27.000  5.000 0.0000000000
-1  1.000  27.000  5.000 0.0000000000
-1  0.000  27.000  5.000 0.0000000000
-1  -1.000  27.000  5.000 0.0000000000
-1  -2.000  27.000  5.000 0.0000000000
-1  2.000  27.000  4.000 0.0000000000
-1  1.000  27.000  4.000 0.0000000000
-1  0.000  27.000  4.000 0.0000000000
-1  -1.000  27.000  4.000 0.0000000000
-1  -2.000  27.000  4.000 0.0000000000
-1  2.000  27.000  3.000 0.0000000000
-1  1.000  27.000  3.000 0.0000000000
-1  0.000  27.000  3.000 0.0000000000
-1  -1.000  27.000  3.000 0.0000000000
-1  -2.000  27.000  3.000 0.0000000000
-1  2.000  27.000  2.000 0.0000000000
-1  1.000  27.000  2.000 0.0000000000
-1  0.000  27.000  2.000 0.0000000000
-1  -1.000  27.000  2.000 0.0000000000
-1  -2.000  27.000  2.000 0.0000000000
-1  2.000  27.000  1.000 0.0000000000
-1  1.000  27.000  1.000 0.0000000000
-1  0.000  27.000  1.000 0.0000000000
-1  -1.000  27.000  1.000 0.0000000000
-1  -2.000  27.000  1.000 0.0000000000
-1  2.000  27.000  0.000 0.0000000000
-1  1.000  27.000  0.000 0.0000000000
-1  0.000  27.000  0.000 0.0000000000
-1  -1.000  27.000  0.000 0.0000000000
-1  -2.000  27.000  0.000 0.0000000000
-1  2.000  27.000  -1.000 0.0000000000
-1  1.000  27.000  -1.000 0.0000000000
-1  0.000  27.000  -1.000 0.0000000000
-1  -1.000  27.000  -1.000 0.0000000000
-1  -2.000  27.000  -1.000 0.0000000000
-1  2.000  27.000  -2.000 0.0000000000
-1  1.000  27.000  -2.000 0.0000000000
-1  0.000  27.000  -2.000 0.0000000000
-1  -1.000  27.000  -2.000 0.0000000000
-1  -2.000  27.000  -2.000 0.0000000000
-1  -1.000  27.000  -3.000 0.0000000000
-1  -2.000  27.000  -3.000 0.0000000000
-1  -1.000  28.000  13.000 0.0000000000
-1  2.000  28.000  12.000 0.0000000000
-1  1.000  28.000  12.000 0.0000000000
-1  0.000  28.000  12.000 0.0000000000
-1  -1.000  28.000  12.000 0.0000000000
-1  -2.000  28.000  12.000 0.0000000000
-1  2.000  28.000  11.000 0.0000000000
-1  1.000  28.000  11.000 0.0000000000
-1  0.000  28.000  11.000 0.0000000000
-1  -1.000  28.000  11.000 0.0000000000
-1  -2.000  28.000  11.000 0.0000000000
-1  3.000  28.000  10.000 0.0000000000
-1  2.000  28.000  10.000 0.0000000000
-1  1.000  28.000  10.000 0.0000000000
-1  0.000  28.000  10.000 0.0000000000
-1  -1.000  28.000  10.000 0.0000000000
-1  -2.000  28.000  10.000 0.0000000000
-1  2.000  28.000  9.000 0.0000000000
-1  1.000  28.000  9.000 0.0000000000
-1  0.000  28.000  9.000 0.0000000000
-1  -1.000  28.000  9.000 0.0000000000
-1  -2.000  28.000  9.000 0.0000000000
-1  2.000  28.000  8.000 0.0000000000
-1  1.000  28.000  8.000 0.0000000000
-1  0.000  28.000  8.000 0.0000000000
-1  -1.000  28.000  8.000 0.0000000000
-1  -2.000  28.000  8.000 0.0000000000
-1  2.000  28.000  7.000 0.0000000000
-1  1.000  28.000  7.000 0.0000000000
-1  0.000  28.000  7.000 0.0000000000
-1  -1.000  28.000  7.000 0.0000000000
-1  -2.000  28.000  7.000 0.0000000000
-1  2.000  28.000  6.000 0.0000000000
-1  1.000  28.000  6.000 0.0000000000
-1  0.000  28.000  6.000 0.0000000000
-1  -1.000  28.000  6.000 0.0000000000
-1  -2.000  28.000  6.000 0.0000000000
-1  2.000  28.000  5.000 0.0000000000
-1  1.000  28.000  5.000 0.0000000000
-1  0.000  28.000  5.000 0.0000000000
-1  -1.000  28.000  5.000 0.0000000000
-1  -2.000  28.000  5.000 0.0000000000
-1  2.000  28.000  4.000 0.0000000000
-1  1.000  28.000  4.000 0.0000000000
-1  0.000  28.000  4.000 0.0000000000
-1  -1.000  28.000  4.000 0.0000000000
-1  -2.000  28.000  4.000 0.0000000000
-1  2.000  28.000  3.000 0.0000000000
-1  1.000  28.000  3.000 0.0000000000
-1  0.000  28.000  3.000 0.0000000000
-1  -1.000  28.000  3.000 0.0000000000
-1  -2.000  28.000  3.000 0.0000000000
-1  2.000  28.000  2.000 0.0000000000
-1  1.000  28.000  2.000 0.0000000000
-1  0.000  28.000  2.000 0.0000000000
-1  -1.000  28.000  2.000 0.0000000000
-1  -2.000  28.000  2.000 0.0000000000
-1  2.000  28.000  1.000 0.0000000000
-1  1.000  28.000  1.000 0.0000000000
-1  0.000  28.000  1.000 0.0000000000
-1  -1.000  28.000  1.000 0.0000000000
-1  -2.000  28.000  1.000 0.0000000000
-1  2.000  28.000  0.000 0.0000000000
-1  1.000  28.000  0.000 0.0000000000
-1  0.000  28.000  0.000 0.0000000000
-1  -1.000  28.000  0.000 0.0000000000
-1  -2.000  28.000  0.000 0.0000000000
-1  2.000  28.000  -1.000 0.0000000000
-1  1.000  28.000  -1.000 0.0000000000
-1  0.000  28.000  -1.000 0.0000000000
-1  -1.000  28.000  -1.000 0.0000000000
-1  -2.000  28.000  -1.000 0.0000000000
-1  1.000  28.000  -2.000 0.0000000000
-1  0.000  28.000  -2.000 0.0000000000
-1  -1.000  28.000  -2.000 0.0000000000
-1  -2.000  28.000  -2.000 0.0000000000
-1  -2.000  28.000  -3.000 0.0000000000
-1  -1.000  29.000  12.000 0.0000000000
-1  2.000  29.000  11.000 0.0000000000
-1  1.000  29.000  11.000 0.0000000000
-1  0.000  29.000  11.000 0.0000000000
-1  -1.000  29.000  11.000 0.0000000000
-1  -2.000  29.000  11.000 0.0000000000
-1  2.000  29.000  10.000 0.0000000000
-1  1.000  29.000  10.000 0.0000000000
-1  0.000  29.000  10.000 0.0000000000
-1  -1.000  29.000  10.000 0.0000000000
-1  -2.000  29.000  10.000 0.0000000000
-1  2.000  29.000  9.000 0.0000000000
-1  1.000  29.000  9.000 0.0000000000
-1  0.000  29.000  9.000 0.0000000000
-1  -1.000  29.000  9.000 0.0000000000
-1  -2.000  29.000  9.000 0.0000000000
-1  2.000  29.000  8.000 0.0000000000
-1  1.000  29.000  8.000 0.0000000000
-1  0.000  29.000  8.000 0.0000000000
-1  -1.000  29.000  8.000 0.0000000000
-1  -2.000  29.000  8.000 0.0000000000
-1  2.000  29.000  7.000 0.0000000000
-1  1.000  29.000  7.000 0.0000000000
-1  0.000  29.000  7.000 0.0000000000
-1  -1.000  29.000  7.000 0.0000000000
-1  -2.000  29.000  7.000 0.0000000000
-1  2.000  29.000  6.000 0.0000000000
-1  1.000  29.000  6.000 0.0000000000
-1  0.000  29.000  6.000 0.0000000000
-1  -1.000  29.000  6.000 0.0000000000
-1  -2.000  29.000  6.000 0.0000000000
-1  2.000  29.000  5.000 0.0000000000
-1  1.000  29.000  5.000 0.0000000000
-1  0.000  29.000  5.000 0.0000000000
-1  -1.000  29.000  5.000 0.0000000000
-1  -2.000  29.000  5.000 0.0000000000
-1  2.000  29.000  4.000 0.0000000000
-1  1.000  29.000  4.000 0.0000000000
-1  0.000  29.000  4.000 0.0000000000
-1  -1.000  29.000  4.000 0.0000000000
-1  -2.000  29.000  4.000 0.0000000000
-1  2.000  29.000  3.000 0.0000000000
-1  1.000  29.000  3.000 0.0000000000
-1  0.000  29.000  3.000 0.0000000000
-1  -1.000  29.000  3.000 0.0000000000
-1  -2.000  29.000  3.000 0.0000000000
-1  2.000  29.000  2.000 0.0000000000
-1  1.000  29.000  2.000 0.0000000000
-1  0.000  29.000  2.000 0.0000000000
-1  -1.000  29.000  2.000 0.0000000000
-1  -2.000  29.000  2.000 0.0000000000
-1  2.000  29.000  1.000 0.0000000000
-1  1.000  29.000  1.000 0.0000000000
-1  0.000  29.000  1.000 0.0000000000
-1  -1.000  29.000  1.000 0.0000000000
-1  -2.000  29.000  1.000 0.0000000000
-1  2.000  29.000  0.000 0.0000000000
-1  1.000  29.000  0.000 0.0000000000
-1  0.000  29.000  0.000 0.0000000000
-1  -1.000  29.000  0.000 0.0000000000
-1  -2.000  29.000  0.000 0.0000000000
-1  1.000  29.000  -1.000 0.0000000000
-1  0.000  29.000  -1.000 0.0000000000
-1  -1.000  29.000  -1.000 0.0000000000
-1  -2.000  29.000  -1.000 0.0000000000
-1  0.000  29.000  -2.000 0.0000000000
-1  2.000  30.000  10.000 0.0000000000
-1  1.000  30.000  10.000 0.0000000000
-1  0.000  30.000  10.000 0.0000000000
-1  -1.000  30.000  10.000 0.0000000000
-1  -2.000  30.000  10.000 0.0000000000
-1  2.000  30.000  9.000 0.0000000000
-1  1.000  30.000  9.000 0.0000000000
-1  0.000  30.000  9.000 0.0000000000
-1  -1.000  30.000  9.000 0.0000000000
-1  -2.000  30.000  9.000 0.0000000000
-1  2.000  30.000  8.000 0.0000000000
-1  1.000  30.000  8.000 0.0000000000
-1  0.000  30.000  8.000 0.0000000000
-1  -1.000  30.000  8.000 0.0000000000
-1  -2.000  30.000  8.000 0.0000000000
-1  2.000  30.000  7.000 0.0000000000
-1  1.000  30.000  7.000 0.0000000000
-1  0.000  30.000  7.000 0.0000000000
-1  -1.000  30.000  7.000 0.0000000000
-1  -2.000  30.000  7.000 0.0000000000
-1  2.000  30.000  6.000 0.0000000000
-1  1.000  30.000  6.000 0.0000000000
-1  0.000  30.000  6.000 0.0000000000
-1  -1.000  30.000  6.000 0.0000000000
-1  -2.000  30.000  6.000 0.0000000000
-1  2.000  30.000  5.000 0.0000000000
-1  1.000  30.000  5.000 0.0000000000
-1  0.000  30.000  5.000 0.0000000000
-1  -1.000  30.000  5.000 0.0000000000
-1  -2.000  30.000  5.000 0.0000000000
-1  2.000  30.000  4.000 0.0000000000
-1  1.000  30.000  4.000 0.0000000000
-1  0.000  30.000  4.000 0.0000000000
-1  -1.000  30.000  4.000 0.0000000000
-1  -2.000  30.000  4.000 0.0000000000
-1  3.000  30.000  3.000 0.0000000000
-1  2.000  30.000  3.000 0.0000000000
-1  1.000  30.000  3.000 0.0000000000
-1  0.000  30.000  3.000 0.0000000000
-1  -1.000  30.000  3.000 0.0000000000
-1  -2.000  30.000  3.000 0.0000000000
-1  2.000  30.000  2.000 0.0000000000
-1  1.000  30.000  2.000 0.0000000000
-1  0.000  30.000  2.000 0.0000000000
-1  -1.000  30.000  2.000 0.0000000000
-1  -2.000  30.000  2.000 0.0000000000
-1  2.000  30.000  1.000 0.0000000000
-1  1.000  30.000  1.000 0.0000000000
-1  0.000  30.000  1.000 0.0000000000
-1  -1.000  30.000  1.000 0.0000000000
-1  -2.000  30.000  1.000 0.0000000000
-1  2.000  30.000  0.000 0.0000000000
-1  1.000  30.000  0.000 0.0000000000
-1  0.000  30.000  0.000 0.0000000000
-1  -1.000  30.000  0.000 0.0000000000
-1  -2.000  30.000  0.000 0.0000000000
-1  0.000  30.000  -1.000 0.0000000000
-1  -1.000  30.000  -1.000 0.0000000000
-1  -2.000  30.000  -1.000 0.0000000000
-1  2.000  31.000  9.000 0.0000000000
-1  1.000  31.000  9.000 0.0000000000
-1  0.000  31.000  9.000 0.0000000000
-1  -1.000  31.000  9.000 0.0000000000
-1  2.000  31.000  8.000 0.0000000000
-1  1.000  31.000  8.000 0.0000000000
-1  0.000  31.000  8.000 0.0000000000
-1  -1.000  31.000  8.000 0.0000000000
-1  -2.000  31.000  8.000 0.0000000000
-1  2.000  31.000  7.000 0.0000000000
-1  1.000  31.000  7.000 0.0000000000
-1  0.000  31.000  7.000 0.0000000000
-1  -1.000  31.000  7.000 0.0000000000
-1  -2.000  31.000  7.000 0.0000000000
-1  2.000  31.000  6.000 0.0000000000
-1  1.000  31.000  6.000 0.0000000000
-1  0.000  31.000  6.000 0.0000000000
-1  -1.000  31.000  6.000 0.0000000000
-1  -2.000  31.000  6.000 0.0000000000
-1  2.000  31.000  5.000 0.0000000000
-1  1.000  31.000  5.000 0.0000000000
-1  0.000  31.000  5.000 0.0000000000
-1  -1.000  31.000  5.000 0.0000000000
-1  -2.000  31.000  5.000 0.0000000000
-1  2.000  31.000  4.000 0.0000000000
-1  1.000  31.000  4.000 0.0000000000
-1  0.000  31.000  4.000 0.0000000000
-1  -1.000  31.000  4.000 0.0000000000
-1  -2.000  31.000  4.000 0.0000000000
-1  2.000  31.000  3.000 0.0000000000
-1  1.000  31.000  3.000 0.0000000000
-1  0.000  31.000  3.000 0.0000000000
-1  -1.000  31.000  3.000 0.0000000000
-1  -2.000  31.000  3.000 0.0000000000
-1  2.000  31.000  2.000 0.0000000000
-1  1.000  31.000  2.000 0.0000000000
-1  0.000  31.000  2.000 0.0000000000
-1  -1.000  31.000  2.000 0.0000000000
-1  -2.000  31.000  2.000 0.0000000000
-1  2.000  31.000  1.000 0.0000000000
-1  1.000  31.000  1.000 0.0000000000
-1  0.000  31.000  1.000 0.0000000000
-1  -1.000  31.000  1.000 0.0000000000
-1  -2.000  31.000  1.000 0.0000000000
-1  2.000  31.000  0.000 0.0000000000
-1  1.000  31.000  0.000 0.0000000000
-1  0.000  31.000  0.000 0.0000000000
-1  -1.000  31.000  0.000 0.0000000000
-1  -2.000  31.000  0.000 0.0000000000
-1  -2.000  31.000  -1.000 0.0000000000
-1  0.000  32.000  8.000 0.0000000000
-1  -1.000  32.000  8.000 0.0000000000
-1  2.000  32.000  7.000 0.0000000000
-1  1.000  32.000  7.000 0.0000000000
-1  0.000  32.000  7.000 0.0000000000
-1  -1.000  32.000  7.000 0.0000000000
-1  -2.000  32.000  7.000 0.0000000000
-1  2.000  32.000  6.000 0.0000000000
-1  1.000  32.000  6.000 0.0000000000
-1  0.000  32.000  6.000 0.0000000000
-1  -1.000  32.000  6.000 0.0000000000
-1  -2.000  32.000  6.000 0.0000000000
-1  2.000  32.000  5.000 0.0000000000
-1  1.000  32.000  5.000 0.0000000000
-1  0.000  32.000  5.000 0.0000000000
-1  -1.000  32.000  5.000 0.0000000000
-1  -2.000  32.000  5.000 0.0000000000
-1  2.000  32.000  4.000 0.0000000000
-1  1.000  32.000  4.000 0.0000000000
-1  0.000  32.000  4.000 0.0000000000
-1  -1.000  32.000  4.000 0.0000000000
-1  -2.000  32.000  4.000 0.0000000000
-1  2.000  32.000  3.000 0.0000000000
-1  1.000  32.000  3.000 0.0000000000
-1  0.000  32.000  3.000 0.0000000000
-1  -1.000  32.000  3.000 0.0000000000
-1  -2.000  32.000  3.000 0.0000000000
-1  0.000  32.000  2.000 0.0000000000
-1  -1.000  32.000  2.000 0.0000000000
-1  -2.000  32.000  2.000 0.0000000000
-1  -1.000  32.000  1.000 0.0000000000
-1  -2.000  32.000  1.000 0.0000000000
-1  -1.000  32.000  0.000 0.0000000000
-1  -2.000  32.000  0.000 0.0000000000
-1  -1.000  33.000  7.000 0.0000000000
-1  -1.000  33.000  6.000 0.0000000000
-1  -2.000  33.000  6.000 0.0000000000
-1  1.000  33.000  5.000 0.0000000000
-1  0.000  33.000  5.000 0.0000000000
-1  -1.000  33.000  5.000 0.0000000000
-1  -2.000  33.000  5.000 0.0000000000
-1  0.000  33.000  4.000 0.0000000000
-1  -1.000  33.000  4.000 0.0000000000
-1  -2.000  33.000  4.000 0.0000000000
-1  -1.000  33.000  3.000 0.0000000000
-1  -2.000  33.000  3.000 0.0000000000
-1  -1.000  33.000  2.000 0.0000000000
-1  -2.000  33.000  2.000 0.0000000000
-1  -1.000  33.000  1.000 0.0000000000
