#!ascii label /Users/megardn/Desktop/BGD_Repos/labels/lh_0005.label , from subject  vox2ras=TkReg
531
-1  -34.000  -38.000  -6.000 0.0000000000
-1  -34.000  -38.000  -7.000 0.0000000000
-1  -35.000  -38.000  -7.000 0.0000000000
-1  -36.000  -38.000  -7.000 0.0000000000
-1  -33.000  -38.000  -8.000 0.0000000000
-1  -34.000  -38.000  -8.000 0.0000000000
-1  -35.000  -38.000  -8.000 0.0000000000
-1  -36.000  -38.000  -8.000 0.0000000000
-1  -37.000  -38.000  -8.000 0.0000000000
-1  -34.000  -38.000  -9.000 0.0000000000
-1  -35.000  -38.000  -9.000 0.0000000000
-1  -36.000  -38.000  -9.000 0.0000000000
-1  -37.000  -38.000  -9.000 0.0000000000
-1  -34.000  -37.000  -5.000 0.0000000000
-1  -35.000  -37.000  -5.000 0.0000000000
-1  -34.000  -37.000  -6.000 0.0000000000
-1  -35.000  -37.000  -6.000 0.0000000000
-1  -34.000  -37.000  -7.000 0.0000000000
-1  -35.000  -37.000  -7.000 0.0000000000
-1  -36.000  -37.000  -7.000 0.0000000000
-1  -34.000  -37.000  -8.000 0.0000000000
-1  -35.000  -37.000  -8.000 0.0000000000
-1  -36.000  -37.000  -8.000 0.0000000000
-1  -37.000  -37.000  -8.000 0.0000000000
-1  -34.000  -37.000  -9.000 0.0000000000
-1  -35.000  -37.000  -9.000 0.0000000000
-1  -36.000  -37.000  -9.000 0.0000000000
-1  -37.000  -37.000  -9.000 0.0000000000
-1  -38.000  -37.000  -9.000 0.0000000000
-1  -34.000  -37.000  -10.000 0.0000000000
-1  -35.000  -37.000  -10.000 0.0000000000
-1  -36.000  -37.000  -10.000 0.0000000000
-1  -37.000  -37.000  -10.000 0.0000000000
-1  -38.000  -37.000  -10.000 0.0000000000
-1  -39.000  -37.000  -10.000 0.0000000000
-1  -34.000  -37.000  -11.000 0.0000000000
-1  -35.000  -37.000  -11.000 0.0000000000
-1  -36.000  -37.000  -11.000 0.0000000000
-1  -37.000  -37.000  -11.000 0.0000000000
-1  -38.000  -37.000  -11.000 0.0000000000
-1  -34.000  -36.000  -5.000 0.0000000000
-1  -34.000  -36.000  -6.000 0.0000000000
-1  -35.000  -36.000  -6.000 0.0000000000
-1  -36.000  -36.000  -6.000 0.0000000000
-1  -34.000  -36.000  -7.000 0.0000000000
-1  -35.000  -36.000  -7.000 0.0000000000
-1  -36.000  -36.000  -7.000 0.0000000000
-1  -37.000  -36.000  -7.000 0.0000000000
-1  -35.000  -36.000  -8.000 0.0000000000
-1  -36.000  -36.000  -8.000 0.0000000000
-1  -37.000  -36.000  -8.000 0.0000000000
-1  -34.000  -36.000  -9.000 0.0000000000
-1  -35.000  -36.000  -9.000 0.0000000000
-1  -36.000  -36.000  -9.000 0.0000000000
-1  -37.000  -36.000  -9.000 0.0000000000
-1  -38.000  -36.000  -9.000 0.0000000000
-1  -34.000  -36.000  -10.000 0.0000000000
-1  -35.000  -36.000  -10.000 0.0000000000
-1  -36.000  -36.000  -10.000 0.0000000000
-1  -37.000  -36.000  -10.000 0.0000000000
-1  -38.000  -36.000  -10.000 0.0000000000
-1  -35.000  -36.000  -11.000 0.0000000000
-1  -36.000  -36.000  -11.000 0.0000000000
-1  -37.000  -36.000  -11.000 0.0000000000
-1  -38.000  -36.000  -11.000 0.0000000000
-1  -39.000  -36.000  -11.000 0.0000000000
-1  -36.000  -36.000  -12.000 0.0000000000
-1  -37.000  -36.000  -12.000 0.0000000000
-1  -34.000  -35.000  -5.000 0.0000000000
-1  -34.000  -35.000  -6.000 0.0000000000
-1  -35.000  -35.000  -6.000 0.0000000000
-1  -36.000  -35.000  -6.000 0.0000000000
-1  -35.000  -35.000  -7.000 0.0000000000
-1  -36.000  -35.000  -7.000 0.0000000000
-1  -35.000  -35.000  -8.000 0.0000000000
-1  -36.000  -35.000  -8.000 0.0000000000
-1  -37.000  -35.000  -8.000 0.0000000000
-1  -38.000  -35.000  -8.000 0.0000000000
-1  -34.000  -35.000  -9.000 0.0000000000
-1  -35.000  -35.000  -9.000 0.0000000000
-1  -36.000  -35.000  -9.000 0.0000000000
-1  -37.000  -35.000  -9.000 0.0000000000
-1  -38.000  -35.000  -9.000 0.0000000000
-1  -39.000  -35.000  -9.000 0.0000000000
-1  -35.000  -35.000  -10.000 0.0000000000
-1  -36.000  -35.000  -10.000 0.0000000000
-1  -37.000  -35.000  -10.000 0.0000000000
-1  -38.000  -35.000  -10.000 0.0000000000
-1  -39.000  -35.000  -10.000 0.0000000000
-1  -35.000  -35.000  -11.000 0.0000000000
-1  -36.000  -35.000  -11.000 0.0000000000
-1  -37.000  -35.000  -11.000 0.0000000000
-1  -38.000  -35.000  -11.000 0.0000000000
-1  -39.000  -35.000  -11.000 0.0000000000
-1  -35.000  -35.000  -12.000 0.0000000000
-1  -36.000  -35.000  -12.000 0.0000000000
-1  -37.000  -35.000  -12.000 0.0000000000
-1  -38.000  -35.000  -12.000 0.0000000000
-1  -39.000  -35.000  -12.000 0.0000000000
-1  -35.000  -34.000  -6.000 0.0000000000
-1  -35.000  -34.000  -7.000 0.0000000000
-1  -35.000  -34.000  -8.000 0.0000000000
-1  -36.000  -34.000  -8.000 0.0000000000
-1  -37.000  -34.000  -8.000 0.0000000000
-1  -35.000  -34.000  -9.000 0.0000000000
-1  -36.000  -34.000  -9.000 0.0000000000
-1  -37.000  -34.000  -9.000 0.0000000000
-1  -38.000  -34.000  -9.000 0.0000000000
-1  -35.000  -34.000  -10.000 0.0000000000
-1  -36.000  -34.000  -10.000 0.0000000000
-1  -37.000  -34.000  -10.000 0.0000000000
-1  -38.000  -34.000  -10.000 0.0000000000
-1  -39.000  -34.000  -10.000 0.0000000000
-1  -35.000  -34.000  -11.000 0.0000000000
-1  -36.000  -34.000  -11.000 0.0000000000
-1  -37.000  -34.000  -11.000 0.0000000000
-1  -38.000  -34.000  -11.000 0.0000000000
-1  -39.000  -34.000  -11.000 0.0000000000
-1  -35.000  -34.000  -12.000 0.0000000000
-1  -36.000  -34.000  -12.000 0.0000000000
-1  -37.000  -34.000  -12.000 0.0000000000
-1  -38.000  -34.000  -12.000 0.0000000000
-1  -39.000  -34.000  -12.000 0.0000000000
-1  -36.000  -34.000  -13.000 0.0000000000
-1  -37.000  -34.000  -13.000 0.0000000000
-1  -38.000  -34.000  -13.000 0.0000000000
-1  -39.000  -34.000  -13.000 0.0000000000
-1  -35.000  -33.000  -8.000 0.0000000000
-1  -36.000  -33.000  -8.000 0.0000000000
-1  -37.000  -33.000  -8.000 0.0000000000
-1  -35.000  -33.000  -9.000 0.0000000000
-1  -36.000  -33.000  -9.000 0.0000000000
-1  -37.000  -33.000  -9.000 0.0000000000
-1  -38.000  -33.000  -9.000 0.0000000000
-1  -35.000  -33.000  -10.000 0.0000000000
-1  -36.000  -33.000  -10.000 0.0000000000
-1  -37.000  -33.000  -10.000 0.0000000000
-1  -38.000  -33.000  -10.000 0.0000000000
-1  -36.000  -33.000  -11.000 0.0000000000
-1  -37.000  -33.000  -11.000 0.0000000000
-1  -38.000  -33.000  -11.000 0.0000000000
-1  -39.000  -33.000  -11.000 0.0000000000
-1  -36.000  -33.000  -12.000 0.0000000000
-1  -37.000  -33.000  -12.000 0.0000000000
-1  -38.000  -33.000  -12.000 0.0000000000
-1  -39.000  -33.000  -12.000 0.0000000000
-1  -37.000  -33.000  -13.000 0.0000000000
-1  -38.000  -33.000  -13.000 0.0000000000
-1  -39.000  -33.000  -13.000 0.0000000000
-1  -36.000  -32.000  -9.000 0.0000000000
-1  -37.000  -32.000  -9.000 0.0000000000
-1  -36.000  -32.000  -10.000 0.0000000000
-1  -37.000  -32.000  -10.000 0.0000000000
-1  -38.000  -32.000  -10.000 0.0000000000
-1  -36.000  -32.000  -11.000 0.0000000000
-1  -37.000  -32.000  -11.000 0.0000000000
-1  -38.000  -32.000  -11.000 0.0000000000
-1  -39.000  -32.000  -11.000 0.0000000000
-1  -36.000  -32.000  -12.000 0.0000000000
-1  -37.000  -32.000  -12.000 0.0000000000
-1  -38.000  -32.000  -12.000 0.0000000000
-1  -39.000  -32.000  -12.000 0.0000000000
-1  -36.000  -32.000  -13.000 0.0000000000
-1  -37.000  -32.000  -13.000 0.0000000000
-1  -38.000  -32.000  -13.000 0.0000000000
-1  -39.000  -32.000  -13.000 0.0000000000
-1  -37.000  -32.000  -14.000 0.0000000000
-1  -38.000  -32.000  -14.000 0.0000000000
-1  -39.000  -32.000  -14.000 0.0000000000
-1  -36.000  -31.000  -10.000 0.0000000000
-1  -37.000  -31.000  -10.000 0.0000000000
-1  -38.000  -31.000  -10.000 0.0000000000
-1  -36.000  -31.000  -11.000 0.0000000000
-1  -37.000  -31.000  -11.000 0.0000000000
-1  -38.000  -31.000  -11.000 0.0000000000
-1  -39.000  -31.000  -11.000 0.0000000000
-1  -36.000  -31.000  -12.000 0.0000000000
-1  -37.000  -31.000  -12.000 0.0000000000
-1  -38.000  -31.000  -12.000 0.0000000000
-1  -39.000  -31.000  -12.000 0.0000000000
-1  -36.000  -31.000  -13.000 0.0000000000
-1  -37.000  -31.000  -13.000 0.0000000000
-1  -38.000  -31.000  -13.000 0.0000000000
-1  -39.000  -31.000  -13.000 0.0000000000
-1  -37.000  -31.000  -14.000 0.0000000000
-1  -38.000  -31.000  -14.000 0.0000000000
-1  -36.000  -30.000  -10.000 0.0000000000
-1  -37.000  -30.000  -10.000 0.0000000000
-1  -36.000  -30.000  -11.000 0.0000000000
-1  -37.000  -30.000  -11.000 0.0000000000
-1  -38.000  -30.000  -11.000 0.0000000000
-1  -36.000  -30.000  -12.000 0.0000000000
-1  -37.000  -30.000  -12.000 0.0000000000
-1  -38.000  -30.000  -12.000 0.0000000000
-1  -39.000  -30.000  -12.000 0.0000000000
-1  -37.000  -30.000  -13.000 0.0000000000
-1  -38.000  -30.000  -13.000 0.0000000000
-1  -39.000  -30.000  -13.000 0.0000000000
-1  -37.000  -30.000  -14.000 0.0000000000
-1  -38.000  -30.000  -14.000 0.0000000000
-1  -39.000  -30.000  -14.000 0.0000000000
-1  -36.000  -29.000  -10.000 0.0000000000
-1  -37.000  -29.000  -10.000 0.0000000000
-1  -37.000  -29.000  -11.000 0.0000000000
-1  -38.000  -29.000  -11.000 0.0000000000
-1  -37.000  -29.000  -12.000 0.0000000000
-1  -38.000  -29.000  -12.000 0.0000000000
-1  -39.000  -29.000  -12.000 0.0000000000
-1  -37.000  -29.000  -13.000 0.0000000000
-1  -38.000  -29.000  -13.000 0.0000000000
-1  -39.000  -29.000  -13.000 0.0000000000
-1  -37.000  -29.000  -14.000 0.0000000000
-1  -38.000  -29.000  -14.000 0.0000000000
-1  -39.000  -29.000  -14.000 0.0000000000
-1  -37.000  -28.000  -11.000 0.0000000000
-1  -37.000  -28.000  -12.000 0.0000000000
-1  -38.000  -28.000  -12.000 0.0000000000
-1  -37.000  -28.000  -13.000 0.0000000000
-1  -38.000  -28.000  -13.000 0.0000000000
-1  -37.000  -28.000  -14.000 0.0000000000
-1  -38.000  -28.000  -14.000 0.0000000000
-1  -39.000  -28.000  -14.000 0.0000000000
-1  -37.000  -28.000  -15.000 0.0000000000
-1  -38.000  -28.000  -15.000 0.0000000000
-1  -36.000  -27.000  -11.000 0.0000000000
-1  -37.000  -27.000  -12.000 0.0000000000
-1  -37.000  -27.000  -13.000 0.0000000000
-1  -38.000  -27.000  -13.000 0.0000000000
-1  -37.000  -27.000  -14.000 0.0000000000
-1  -38.000  -27.000  -14.000 0.0000000000
-1  -39.000  -27.000  -14.000 0.0000000000
-1  -38.000  -27.000  -15.000 0.0000000000
-1  -38.000  -26.000  -13.000 0.0000000000
-1  -38.000  -26.000  -14.000 0.0000000000
-1  -38.000  -26.000  -15.000 0.0000000000
-1  -38.000  -26.000  -16.000 0.0000000000
-1  -38.000  -25.000  -14.000 0.0000000000
-1  -38.000  -25.000  -15.000 0.0000000000
-1  -38.000  -25.000  -16.000 0.0000000000
-1  -39.000  -25.000  -16.000 0.0000000000
-1  -37.000  -24.000  -13.000 0.0000000000
-1  -37.000  -24.000  -15.000 0.0000000000
-1  -38.000  -24.000  -15.000 0.0000000000
-1  -38.000  -24.000  -16.000 0.0000000000
-1  -37.000  -23.000  -14.000 0.0000000000
-1  -38.000  -23.000  -15.000 0.0000000000
-1  -38.000  -23.000  -16.000 0.0000000000
-1  -37.000  -22.000  -15.000 0.0000000000
-1  -37.000  -21.000  -16.000 0.0000000000
-1  -37.000  -21.000  -17.000 0.0000000000
-1  -37.000  -20.000  -16.000 0.0000000000
-1  -37.000  -19.000  -17.000 0.0000000000
-1  -24.000  -18.000  -13.000 0.0000000000
-1  -37.000  -18.000  -17.000 0.0000000000
-1  -24.000  -17.000  -13.000 0.0000000000
-1  -25.000  -17.000  -14.000 0.0000000000
-1  -26.000  -17.000  -14.000 0.0000000000
-1  -27.000  -17.000  -14.000 0.0000000000
-1  -36.000  -17.000  -18.000 0.0000000000
-1  -24.000  -16.000  -13.000 0.0000000000
-1  -26.000  -16.000  -15.000 0.0000000000
-1  -35.000  -16.000  -18.000 0.0000000000
-1  -35.000  -16.000  -19.000 0.0000000000
-1  -36.000  -16.000  -19.000 0.0000000000
-1  -37.000  -16.000  -19.000 0.0000000000
-1  -23.000  -15.000  -13.000 0.0000000000
-1  -23.000  -15.000  -14.000 0.0000000000
-1  -24.000  -15.000  -14.000 0.0000000000
-1  -25.000  -15.000  -14.000 0.0000000000
-1  -26.000  -15.000  -14.000 0.0000000000
-1  -27.000  -15.000  -14.000 0.0000000000
-1  -28.000  -15.000  -14.000 0.0000000000
-1  -23.000  -15.000  -15.000 0.0000000000
-1  -24.000  -15.000  -15.000 0.0000000000
-1  -25.000  -15.000  -15.000 0.0000000000
-1  -26.000  -15.000  -15.000 0.0000000000
-1  -27.000  -15.000  -15.000 0.0000000000
-1  -28.000  -15.000  -15.000 0.0000000000
-1  -29.000  -15.000  -15.000 0.0000000000
-1  -30.000  -15.000  -15.000 0.0000000000
-1  -25.000  -15.000  -16.000 0.0000000000
-1  -26.000  -15.000  -16.000 0.0000000000
-1  -35.000  -15.000  -19.000 0.0000000000
-1  -36.000  -15.000  -19.000 0.0000000000
-1  -35.000  -15.000  -20.000 0.0000000000
-1  -37.000  -15.000  -21.000 0.0000000000
-1  -23.000  -14.000  -13.000 0.0000000000
-1  -23.000  -14.000  -14.000 0.0000000000
-1  -23.000  -14.000  -15.000 0.0000000000
-1  -24.000  -14.000  -15.000 0.0000000000
-1  -25.000  -14.000  -15.000 0.0000000000
-1  -26.000  -14.000  -15.000 0.0000000000
-1  -27.000  -14.000  -15.000 0.0000000000
-1  -28.000  -14.000  -15.000 0.0000000000
-1  -29.000  -14.000  -15.000 0.0000000000
-1  -23.000  -14.000  -16.000 0.0000000000
-1  -24.000  -14.000  -16.000 0.0000000000
-1  -25.000  -14.000  -16.000 0.0000000000
-1  -26.000  -14.000  -16.000 0.0000000000
-1  -27.000  -14.000  -16.000 0.0000000000
-1  -28.000  -14.000  -16.000 0.0000000000
-1  -29.000  -14.000  -16.000 0.0000000000
-1  -30.000  -14.000  -16.000 0.0000000000
-1  -34.000  -14.000  -19.000 0.0000000000
-1  -35.000  -14.000  -19.000 0.0000000000
-1  -34.000  -14.000  -20.000 0.0000000000
-1  -35.000  -14.000  -20.000 0.0000000000
-1  -36.000  -14.000  -20.000 0.0000000000
-1  -35.000  -14.000  -21.000 0.0000000000
-1  -36.000  -14.000  -21.000 0.0000000000
-1  -36.000  -14.000  -22.000 0.0000000000
-1  -36.000  -14.000  -23.000 0.0000000000
-1  -23.000  -13.000  -15.000 0.0000000000
-1  -24.000  -13.000  -15.000 0.0000000000
-1  -25.000  -13.000  -15.000 0.0000000000
-1  -22.000  -13.000  -16.000 0.0000000000
-1  -23.000  -13.000  -16.000 0.0000000000
-1  -24.000  -13.000  -16.000 0.0000000000
-1  -25.000  -13.000  -16.000 0.0000000000
-1  -26.000  -13.000  -16.000 0.0000000000
-1  -27.000  -13.000  -16.000 0.0000000000
-1  -28.000  -13.000  -16.000 0.0000000000
-1  -29.000  -13.000  -16.000 0.0000000000
-1  -30.000  -13.000  -16.000 0.0000000000
-1  -22.000  -13.000  -17.000 0.0000000000
-1  -23.000  -13.000  -17.000 0.0000000000
-1  -24.000  -13.000  -17.000 0.0000000000
-1  -25.000  -13.000  -17.000 0.0000000000
-1  -26.000  -13.000  -17.000 0.0000000000
-1  -27.000  -13.000  -17.000 0.0000000000
-1  -28.000  -13.000  -17.000 0.0000000000
-1  -29.000  -13.000  -17.000 0.0000000000
-1  -30.000  -13.000  -17.000 0.0000000000
-1  -31.000  -13.000  -17.000 0.0000000000
-1  -28.000  -13.000  -18.000 0.0000000000
-1  -29.000  -13.000  -18.000 0.0000000000
-1  -30.000  -13.000  -18.000 0.0000000000
-1  -31.000  -13.000  -18.000 0.0000000000
-1  -34.000  -13.000  -19.000 0.0000000000
-1  -34.000  -13.000  -20.000 0.0000000000
-1  -35.000  -13.000  -20.000 0.0000000000
-1  -34.000  -13.000  -21.000 0.0000000000
-1  -35.000  -13.000  -21.000 0.0000000000
-1  -36.000  -13.000  -21.000 0.0000000000
-1  -34.000  -13.000  -22.000 0.0000000000
-1  -35.000  -13.000  -22.000 0.0000000000
-1  -36.000  -13.000  -22.000 0.0000000000
-1  -34.000  -13.000  -23.000 0.0000000000
-1  -35.000  -13.000  -23.000 0.0000000000
-1  -36.000  -13.000  -23.000 0.0000000000
-1  -34.000  -13.000  -24.000 0.0000000000
-1  -35.000  -13.000  -24.000 0.0000000000
-1  -22.000  -12.000  -16.000 0.0000000000
-1  -23.000  -12.000  -16.000 0.0000000000
-1  -23.000  -12.000  -17.000 0.0000000000
-1  -24.000  -12.000  -17.000 0.0000000000
-1  -25.000  -12.000  -17.000 0.0000000000
-1  -26.000  -12.000  -17.000 0.0000000000
-1  -27.000  -12.000  -17.000 0.0000000000
-1  -28.000  -12.000  -17.000 0.0000000000
-1  -29.000  -12.000  -17.000 0.0000000000
-1  -30.000  -12.000  -17.000 0.0000000000
-1  -24.000  -12.000  -18.000 0.0000000000
-1  -25.000  -12.000  -18.000 0.0000000000
-1  -26.000  -12.000  -18.000 0.0000000000
-1  -27.000  -12.000  -18.000 0.0000000000
-1  -28.000  -12.000  -18.000 0.0000000000
-1  -29.000  -12.000  -18.000 0.0000000000
-1  -30.000  -12.000  -18.000 0.0000000000
-1  -31.000  -12.000  -18.000 0.0000000000
-1  -32.000  -12.000  -18.000 0.0000000000
-1  -26.000  -12.000  -19.000 0.0000000000
-1  -27.000  -12.000  -19.000 0.0000000000
-1  -28.000  -12.000  -19.000 0.0000000000
-1  -29.000  -12.000  -19.000 0.0000000000
-1  -30.000  -12.000  -19.000 0.0000000000
-1  -31.000  -12.000  -19.000 0.0000000000
-1  -32.000  -12.000  -19.000 0.0000000000
-1  -33.000  -12.000  -19.000 0.0000000000
-1  -30.000  -12.000  -20.000 0.0000000000
-1  -31.000  -12.000  -20.000 0.0000000000
-1  -32.000  -12.000  -20.000 0.0000000000
-1  -33.000  -12.000  -20.000 0.0000000000
-1  -34.000  -12.000  -20.000 0.0000000000
-1  -33.000  -12.000  -21.000 0.0000000000
-1  -34.000  -12.000  -21.000 0.0000000000
-1  -35.000  -12.000  -21.000 0.0000000000
-1  -33.000  -12.000  -22.000 0.0000000000
-1  -34.000  -12.000  -22.000 0.0000000000
-1  -35.000  -12.000  -22.000 0.0000000000
-1  -36.000  -12.000  -22.000 0.0000000000
-1  -33.000  -12.000  -23.000 0.0000000000
-1  -34.000  -12.000  -23.000 0.0000000000
-1  -35.000  -12.000  -23.000 0.0000000000
-1  -36.000  -12.000  -23.000 0.0000000000
-1  -34.000  -12.000  -24.000 0.0000000000
-1  -35.000  -12.000  -24.000 0.0000000000
-1  -33.000  -12.000  -25.000 0.0000000000
-1  -34.000  -12.000  -25.000 0.0000000000
-1  -35.000  -12.000  -25.000 0.0000000000
-1  -34.000  -12.000  -26.000 0.0000000000
-1  -29.000  -11.000  -18.000 0.0000000000
-1  -27.000  -11.000  -19.000 0.0000000000
-1  -28.000  -11.000  -19.000 0.0000000000
-1  -29.000  -11.000  -19.000 0.0000000000
-1  -30.000  -11.000  -19.000 0.0000000000
-1  -31.000  -11.000  -19.000 0.0000000000
-1  -32.000  -11.000  -19.000 0.0000000000
-1  -27.000  -11.000  -20.000 0.0000000000
-1  -28.000  -11.000  -20.000 0.0000000000
-1  -29.000  -11.000  -20.000 0.0000000000
-1  -30.000  -11.000  -20.000 0.0000000000
-1  -31.000  -11.000  -20.000 0.0000000000
-1  -32.000  -11.000  -20.000 0.0000000000
-1  -33.000  -11.000  -20.000 0.0000000000
-1  -29.000  -11.000  -21.000 0.0000000000
-1  -30.000  -11.000  -21.000 0.0000000000
-1  -31.000  -11.000  -21.000 0.0000000000
-1  -32.000  -11.000  -21.000 0.0000000000
-1  -33.000  -11.000  -21.000 0.0000000000
-1  -34.000  -11.000  -21.000 0.0000000000
-1  -35.000  -11.000  -21.000 0.0000000000
-1  -31.000  -11.000  -22.000 0.0000000000
-1  -32.000  -11.000  -22.000 0.0000000000
-1  -33.000  -11.000  -22.000 0.0000000000
-1  -34.000  -11.000  -22.000 0.0000000000
-1  -35.000  -11.000  -22.000 0.0000000000
-1  -32.000  -11.000  -23.000 0.0000000000
-1  -33.000  -11.000  -23.000 0.0000000000
-1  -34.000  -11.000  -23.000 0.0000000000
-1  -35.000  -11.000  -23.000 0.0000000000
-1  -33.000  -11.000  -24.000 0.0000000000
-1  -34.000  -11.000  -24.000 0.0000000000
-1  -35.000  -11.000  -24.000 0.0000000000
-1  -36.000  -11.000  -24.000 0.0000000000
-1  -32.000  -11.000  -25.000 0.0000000000
-1  -33.000  -11.000  -25.000 0.0000000000
-1  -34.000  -11.000  -25.000 0.0000000000
-1  -35.000  -11.000  -25.000 0.0000000000
-1  -36.000  -11.000  -25.000 0.0000000000
-1  -32.000  -11.000  -26.000 0.0000000000
-1  -33.000  -11.000  -26.000 0.0000000000
-1  -34.000  -11.000  -26.000 0.0000000000
-1  -35.000  -11.000  -26.000 0.0000000000
-1  -34.000  -11.000  -27.000 0.0000000000
-1  -30.000  -10.000  -19.000 0.0000000000
-1  -30.000  -10.000  -20.000 0.0000000000
-1  -31.000  -10.000  -20.000 0.0000000000
-1  -32.000  -10.000  -20.000 0.0000000000
-1  -30.000  -10.000  -21.000 0.0000000000
-1  -31.000  -10.000  -21.000 0.0000000000
-1  -32.000  -10.000  -21.000 0.0000000000
-1  -33.000  -10.000  -21.000 0.0000000000
-1  -29.000  -10.000  -22.000 0.0000000000
-1  -30.000  -10.000  -22.000 0.0000000000
-1  -31.000  -10.000  -22.000 0.0000000000
-1  -32.000  -10.000  -22.000 0.0000000000
-1  -33.000  -10.000  -22.000 0.0000000000
-1  -34.000  -10.000  -22.000 0.0000000000
-1  -29.000  -10.000  -23.000 0.0000000000
-1  -30.000  -10.000  -23.000 0.0000000000
-1  -31.000  -10.000  -23.000 0.0000000000
-1  -32.000  -10.000  -23.000 0.0000000000
-1  -33.000  -10.000  -23.000 0.0000000000
-1  -34.000  -10.000  -23.000 0.0000000000
-1  -35.000  -10.000  -23.000 0.0000000000
-1  -30.000  -10.000  -24.000 0.0000000000
-1  -31.000  -10.000  -24.000 0.0000000000
-1  -32.000  -10.000  -24.000 0.0000000000
-1  -33.000  -10.000  -24.000 0.0000000000
-1  -34.000  -10.000  -24.000 0.0000000000
-1  -35.000  -10.000  -24.000 0.0000000000
-1  -31.000  -10.000  -25.000 0.0000000000
-1  -32.000  -10.000  -25.000 0.0000000000
-1  -33.000  -10.000  -25.000 0.0000000000
-1  -34.000  -10.000  -25.000 0.0000000000
-1  -35.000  -10.000  -25.000 0.0000000000
-1  -36.000  -10.000  -25.000 0.0000000000
-1  -31.000  -10.000  -26.000 0.0000000000
-1  -32.000  -10.000  -26.000 0.0000000000
-1  -33.000  -10.000  -26.000 0.0000000000
-1  -34.000  -10.000  -26.000 0.0000000000
-1  -35.000  -10.000  -26.000 0.0000000000
-1  -30.000  -10.000  -27.000 0.0000000000
-1  -31.000  -10.000  -27.000 0.0000000000
-1  -33.000  -10.000  -27.000 0.0000000000
-1  -34.000  -10.000  -27.000 0.0000000000
-1  -32.000  -9.000  -22.000 0.0000000000
-1  -33.000  -9.000  -22.000 0.0000000000
-1  -31.000  -9.000  -23.000 0.0000000000
-1  -32.000  -9.000  -23.000 0.0000000000
-1  -33.000  -9.000  -23.000 0.0000000000
-1  -34.000  -9.000  -23.000 0.0000000000
-1  -31.000  -9.000  -24.000 0.0000000000
-1  -32.000  -9.000  -24.000 0.0000000000
-1  -33.000  -9.000  -24.000 0.0000000000
-1  -34.000  -9.000  -24.000 0.0000000000
-1  -35.000  -9.000  -24.000 0.0000000000
-1  -30.000  -9.000  -25.000 0.0000000000
-1  -31.000  -9.000  -25.000 0.0000000000
-1  -32.000  -9.000  -25.000 0.0000000000
-1  -33.000  -9.000  -25.000 0.0000000000
-1  -34.000  -9.000  -25.000 0.0000000000
-1  -35.000  -9.000  -25.000 0.0000000000
-1  -29.000  -9.000  -26.000 0.0000000000
-1  -30.000  -9.000  -26.000 0.0000000000
-1  -31.000  -9.000  -26.000 0.0000000000
-1  -32.000  -9.000  -26.000 0.0000000000
-1  -33.000  -9.000  -26.000 0.0000000000
-1  -34.000  -9.000  -26.000 0.0000000000
-1  -29.000  -9.000  -27.000 0.0000000000
-1  -30.000  -9.000  -27.000 0.0000000000
-1  -31.000  -9.000  -27.000 0.0000000000
-1  -32.000  -9.000  -27.000 0.0000000000
-1  -33.000  -9.000  -27.000 0.0000000000
-1  -34.000  -9.000  -27.000 0.0000000000
-1  -29.000  -9.000  -28.000 0.0000000000
-1  -30.000  -9.000  -28.000 0.0000000000
-1  -34.000  -9.000  -28.000 0.0000000000
-1  -32.000  -9.000  -29.000 0.0000000000
-1  -33.000  -8.000  -24.000 0.0000000000
-1  -31.000  -8.000  -25.000 0.0000000000
-1  -32.000  -8.000  -25.000 0.0000000000
-1  -33.000  -8.000  -25.000 0.0000000000
-1  -31.000  -8.000  -26.000 0.0000000000
-1  -32.000  -8.000  -26.000 0.0000000000
-1  -33.000  -8.000  -26.000 0.0000000000
-1  -31.000  -8.000  -27.000 0.0000000000
-1  -32.000  -8.000  -27.000 0.0000000000
-1  -31.000  -8.000  -28.000 0.0000000000
-1  -32.000  -8.000  -28.000 0.0000000000
