#!ascii label /Users/megardn/Desktop/BGD_Repos/labels/rh_0024.label , from subject  vox2ras=TkReg
1706
-1  6.000  -31.000  0.000 0.0000000000
-1  5.000  -31.000  0.000 0.0000000000
-1  4.000  -31.000  0.000 0.0000000000
-1  6.000  -31.000  -1.000 0.0000000000
-1  5.000  -31.000  -1.000 0.0000000000
-1  4.000  -31.000  -1.000 0.0000000000
-1  3.000  -31.000  -1.000 0.0000000000
-1  2.000  -31.000  -1.000 0.0000000000
-1  0.000  -31.000  -1.000 0.0000000000
-1  -1.000  -31.000  -1.000 0.0000000000
-1  -2.000  -31.000  -1.000 0.0000000000
-1  -3.000  -31.000  -1.000 0.0000000000
-1  0.000  -31.000  -2.000 0.0000000000
-1  6.000  -30.000  4.000 0.0000000000
-1  5.000  -30.000  4.000 0.0000000000
-1  6.000  -30.000  3.000 0.0000000000
-1  5.000  -30.000  3.000 0.0000000000
-1  4.000  -30.000  3.000 0.0000000000
-1  -4.000  -30.000  3.000 0.0000000000
-1  -5.000  -30.000  3.000 0.0000000000
-1  -6.000  -30.000  3.000 0.0000000000
-1  7.000  -30.000  2.000 0.0000000000
-1  6.000  -30.000  2.000 0.0000000000
-1  5.000  -30.000  2.000 0.0000000000
-1  4.000  -30.000  2.000 0.0000000000
-1  3.000  -30.000  2.000 0.0000000000
-1  -2.000  -30.000  2.000 0.0000000000
-1  -3.000  -30.000  2.000 0.0000000000
-1  -4.000  -30.000  2.000 0.0000000000
-1  -5.000  -30.000  2.000 0.0000000000
-1  -6.000  -30.000  2.000 0.0000000000
-1  7.000  -30.000  1.000 0.0000000000
-1  6.000  -30.000  1.000 0.0000000000
-1  5.000  -30.000  1.000 0.0000000000
-1  4.000  -30.000  1.000 0.0000000000
-1  3.000  -30.000  1.000 0.0000000000
-1  2.000  -30.000  1.000 0.0000000000
-1  1.000  -30.000  1.000 0.0000000000
-1  0.000  -30.000  1.000 0.0000000000
-1  -1.000  -30.000  1.000 0.0000000000
-1  -2.000  -30.000  1.000 0.0000000000
-1  -3.000  -30.000  1.000 0.0000000000
-1  -4.000  -30.000  1.000 0.0000000000
-1  -5.000  -30.000  1.000 0.0000000000
-1  -6.000  -30.000  1.000 0.0000000000
-1  7.000  -30.000  0.000 0.0000000000
-1  6.000  -30.000  0.000 0.0000000000
-1  5.000  -30.000  0.000 0.0000000000
-1  4.000  -30.000  0.000 0.0000000000
-1  3.000  -30.000  0.000 0.0000000000
-1  2.000  -30.000  0.000 0.0000000000
-1  1.000  -30.000  0.000 0.0000000000
-1  0.000  -30.000  0.000 0.0000000000
-1  -1.000  -30.000  0.000 0.0000000000
-1  -2.000  -30.000  0.000 0.0000000000
-1  -3.000  -30.000  0.000 0.0000000000
-1  -4.000  -30.000  0.000 0.0000000000
-1  -5.000  -30.000  0.000 0.0000000000
-1  -6.000  -30.000  0.000 0.0000000000
-1  5.000  -30.000  -1.000 0.0000000000
-1  4.000  -30.000  -1.000 0.0000000000
-1  3.000  -30.000  -1.000 0.0000000000
-1  2.000  -30.000  -1.000 0.0000000000
-1  1.000  -30.000  -1.000 0.0000000000
-1  0.000  -30.000  -1.000 0.0000000000
-1  -1.000  -30.000  -1.000 0.0000000000
-1  -2.000  -30.000  -1.000 0.0000000000
-1  -3.000  -30.000  -1.000 0.0000000000
-1  -4.000  -30.000  -1.000 0.0000000000
-1  1.000  -30.000  -2.000 0.0000000000
-1  0.000  -30.000  -2.000 0.0000000000
-1  -1.000  -30.000  -2.000 0.0000000000
-1  6.000  -29.000  8.000 0.0000000000
-1  7.000  -29.000  5.000 0.0000000000
-1  6.000  -29.000  5.000 0.0000000000
-1  5.000  -29.000  5.000 0.0000000000
-1  4.000  -29.000  5.000 0.0000000000
-1  3.000  -29.000  5.000 0.0000000000
-1  2.000  -29.000  5.000 0.0000000000
-1  -2.000  -29.000  5.000 0.0000000000
-1  -3.000  -29.000  5.000 0.0000000000
-1  -4.000  -29.000  5.000 0.0000000000
-1  -5.000  -29.000  5.000 0.0000000000
-1  7.000  -29.000  4.000 0.0000000000
-1  6.000  -29.000  4.000 0.0000000000
-1  5.000  -29.000  4.000 0.0000000000
-1  4.000  -29.000  4.000 0.0000000000
-1  3.000  -29.000  4.000 0.0000000000
-1  2.000  -29.000  4.000 0.0000000000
-1  -1.000  -29.000  4.000 0.0000000000
-1  -2.000  -29.000  4.000 0.0000000000
-1  -3.000  -29.000  4.000 0.0000000000
-1  -4.000  -29.000  4.000 0.0000000000
-1  -5.000  -29.000  4.000 0.0000000000
-1  -6.000  -29.000  4.000 0.0000000000
-1  7.000  -29.000  3.000 0.0000000000
-1  6.000  -29.000  3.000 0.0000000000
-1  5.000  -29.000  3.000 0.0000000000
-1  4.000  -29.000  3.000 0.0000000000
-1  3.000  -29.000  3.000 0.0000000000
-1  2.000  -29.000  3.000 0.0000000000
-1  1.000  -29.000  3.000 0.0000000000
-1  0.000  -29.000  3.000 0.0000000000
-1  -1.000  -29.000  3.000 0.0000000000
-1  -2.000  -29.000  3.000 0.0000000000
-1  -3.000  -29.000  3.000 0.0000000000
-1  -4.000  -29.000  3.000 0.0000000000
-1  -5.000  -29.000  3.000 0.0000000000
-1  -6.000  -29.000  3.000 0.0000000000
-1  -7.000  -29.000  3.000 0.0000000000
-1  7.000  -29.000  2.000 0.0000000000
-1  6.000  -29.000  2.000 0.0000000000
-1  5.000  -29.000  2.000 0.0000000000
-1  4.000  -29.000  2.000 0.0000000000
-1  3.000  -29.000  2.000 0.0000000000
-1  2.000  -29.000  2.000 0.0000000000
-1  1.000  -29.000  2.000 0.0000000000
-1  0.000  -29.000  2.000 0.0000000000
-1  -1.000  -29.000  2.000 0.0000000000
-1  -2.000  -29.000  2.000 0.0000000000
-1  -3.000  -29.000  2.000 0.0000000000
-1  -4.000  -29.000  2.000 0.0000000000
-1  -5.000  -29.000  2.000 0.0000000000
-1  -6.000  -29.000  2.000 0.0000000000
-1  7.000  -29.000  1.000 0.0000000000
-1  6.000  -29.000  1.000 0.0000000000
-1  5.000  -29.000  1.000 0.0000000000
-1  4.000  -29.000  1.000 0.0000000000
-1  3.000  -29.000  1.000 0.0000000000
-1  2.000  -29.000  1.000 0.0000000000
-1  1.000  -29.000  1.000 0.0000000000
-1  0.000  -29.000  1.000 0.0000000000
-1  -1.000  -29.000  1.000 0.0000000000
-1  -2.000  -29.000  1.000 0.0000000000
-1  -3.000  -29.000  1.000 0.0000000000
-1  -4.000  -29.000  1.000 0.0000000000
-1  -5.000  -29.000  1.000 0.0000000000
-1  -6.000  -29.000  1.000 0.0000000000
-1  7.000  -29.000  0.000 0.0000000000
-1  6.000  -29.000  0.000 0.0000000000
-1  5.000  -29.000  0.000 0.0000000000
-1  4.000  -29.000  0.000 0.0000000000
-1  3.000  -29.000  0.000 0.0000000000
-1  2.000  -29.000  0.000 0.0000000000
-1  1.000  -29.000  0.000 0.0000000000
-1  0.000  -29.000  0.000 0.0000000000
-1  -1.000  -29.000  0.000 0.0000000000
-1  -2.000  -29.000  0.000 0.0000000000
-1  -3.000  -29.000  0.000 0.0000000000
-1  -4.000  -29.000  0.000 0.0000000000
-1  -5.000  -29.000  0.000 0.0000000000
-1  -6.000  -29.000  0.000 0.0000000000
-1  4.000  -29.000  -1.000 0.0000000000
-1  3.000  -29.000  -1.000 0.0000000000
-1  2.000  -29.000  -1.000 0.0000000000
-1  1.000  -29.000  -1.000 0.0000000000
-1  0.000  -29.000  -1.000 0.0000000000
-1  -1.000  -29.000  -1.000 0.0000000000
-1  -2.000  -29.000  -1.000 0.0000000000
-1  -3.000  -29.000  -1.000 0.0000000000
-1  -4.000  -29.000  -1.000 0.0000000000
-1  1.000  -29.000  -2.000 0.0000000000
-1  0.000  -29.000  -2.000 0.0000000000
-1  5.000  -28.000  10.000 0.0000000000
-1  6.000  -28.000  9.000 0.0000000000
-1  5.000  -28.000  9.000 0.0000000000
-1  4.000  -28.000  9.000 0.0000000000
-1  3.000  -28.000  9.000 0.0000000000
-1  2.000  -28.000  9.000 0.0000000000
-1  1.000  -28.000  9.000 0.0000000000
-1  0.000  -28.000  9.000 0.0000000000
-1  -1.000  -28.000  9.000 0.0000000000
-1  6.000  -28.000  8.000 0.0000000000
-1  5.000  -28.000  8.000 0.0000000000
-1  4.000  -28.000  8.000 0.0000000000
-1  3.000  -28.000  8.000 0.0000000000
-1  2.000  -28.000  8.000 0.0000000000
-1  1.000  -28.000  8.000 0.0000000000
-1  0.000  -28.000  8.000 0.0000000000
-1  -1.000  -28.000  8.000 0.0000000000
-1  -2.000  -28.000  8.000 0.0000000000
-1  6.000  -28.000  7.000 0.0000000000
-1  5.000  -28.000  7.000 0.0000000000
-1  4.000  -28.000  7.000 0.0000000000
-1  3.000  -28.000  7.000 0.0000000000
-1  2.000  -28.000  7.000 0.0000000000
-1  1.000  -28.000  7.000 0.0000000000
-1  -1.000  -28.000  7.000 0.0000000000
-1  -2.000  -28.000  7.000 0.0000000000
-1  -3.000  -28.000  7.000 0.0000000000
-1  -4.000  -28.000  7.000 0.0000000000
-1  -5.000  -28.000  7.000 0.0000000000
-1  7.000  -28.000  6.000 0.0000000000
-1  6.000  -28.000  6.000 0.0000000000
-1  5.000  -28.000  6.000 0.0000000000
-1  4.000  -28.000  6.000 0.0000000000
-1  3.000  -28.000  6.000 0.0000000000
-1  2.000  -28.000  6.000 0.0000000000
-1  1.000  -28.000  6.000 0.0000000000
-1  -1.000  -28.000  6.000 0.0000000000
-1  -2.000  -28.000  6.000 0.0000000000
-1  -3.000  -28.000  6.000 0.0000000000
-1  -4.000  -28.000  6.000 0.0000000000
-1  -5.000  -28.000  6.000 0.0000000000
-1  7.000  -28.000  5.000 0.0000000000
-1  6.000  -28.000  5.000 0.0000000000
-1  5.000  -28.000  5.000 0.0000000000
-1  4.000  -28.000  5.000 0.0000000000
-1  3.000  -28.000  5.000 0.0000000000
-1  2.000  -28.000  5.000 0.0000000000
-1  1.000  -28.000  5.000 0.0000000000
-1  0.000  -28.000  5.000 0.0000000000
-1  -1.000  -28.000  5.000 0.0000000000
-1  -2.000  -28.000  5.000 0.0000000000
-1  -3.000  -28.000  5.000 0.0000000000
-1  -4.000  -28.000  5.000 0.0000000000
-1  -5.000  -28.000  5.000 0.0000000000
-1  -6.000  -28.000  5.000 0.0000000000
-1  7.000  -28.000  4.000 0.0000000000
-1  6.000  -28.000  4.000 0.0000000000
-1  5.000  -28.000  4.000 0.0000000000
-1  4.000  -28.000  4.000 0.0000000000
-1  3.000  -28.000  4.000 0.0000000000
-1  2.000  -28.000  4.000 0.0000000000
-1  -1.000  -28.000  4.000 0.0000000000
-1  -2.000  -28.000  4.000 0.0000000000
-1  -3.000  -28.000  4.000 0.0000000000
-1  -4.000  -28.000  4.000 0.0000000000
-1  -5.000  -28.000  4.000 0.0000000000
-1  -6.000  -28.000  4.000 0.0000000000
-1  7.000  -28.000  3.000 0.0000000000
-1  6.000  -28.000  3.000 0.0000000000
-1  5.000  -28.000  3.000 0.0000000000
-1  4.000  -28.000  3.000 0.0000000000
-1  3.000  -28.000  3.000 0.0000000000
-1  2.000  -28.000  3.000 0.0000000000
-1  1.000  -28.000  3.000 0.0000000000
-1  -1.000  -28.000  3.000 0.0000000000
-1  -2.000  -28.000  3.000 0.0000000000
-1  -3.000  -28.000  3.000 0.0000000000
-1  -4.000  -28.000  3.000 0.0000000000
-1  -5.000  -28.000  3.000 0.0000000000
-1  -6.000  -28.000  3.000 0.0000000000
-1  7.000  -28.000  2.000 0.0000000000
-1  6.000  -28.000  2.000 0.0000000000
-1  5.000  -28.000  2.000 0.0000000000
-1  4.000  -28.000  2.000 0.0000000000
-1  3.000  -28.000  2.000 0.0000000000
-1  2.000  -28.000  2.000 0.0000000000
-1  1.000  -28.000  2.000 0.0000000000
-1  0.000  -28.000  2.000 0.0000000000
-1  -1.000  -28.000  2.000 0.0000000000
-1  -2.000  -28.000  2.000 0.0000000000
-1  -3.000  -28.000  2.000 0.0000000000
-1  -4.000  -28.000  2.000 0.0000000000
-1  -5.000  -28.000  2.000 0.0000000000
-1  7.000  -28.000  1.000 0.0000000000
-1  6.000  -28.000  1.000 0.0000000000
-1  5.000  -28.000  1.000 0.0000000000
-1  4.000  -28.000  1.000 0.0000000000
-1  3.000  -28.000  1.000 0.0000000000
-1  2.000  -28.000  1.000 0.0000000000
-1  1.000  -28.000  1.000 0.0000000000
-1  0.000  -28.000  1.000 0.0000000000
-1  -1.000  -28.000  1.000 0.0000000000
-1  -2.000  -28.000  1.000 0.0000000000
-1  -3.000  -28.000  1.000 0.0000000000
-1  -4.000  -28.000  1.000 0.0000000000
-1  -5.000  -28.000  1.000 0.0000000000
-1  7.000  -28.000  0.000 0.0000000000
-1  6.000  -28.000  0.000 0.0000000000
-1  5.000  -28.000  0.000 0.0000000000
-1  4.000  -28.000  0.000 0.0000000000
-1  3.000  -28.000  0.000 0.0000000000
-1  2.000  -28.000  0.000 0.0000000000
-1  1.000  -28.000  0.000 0.0000000000
-1  0.000  -28.000  0.000 0.0000000000
-1  -1.000  -28.000  0.000 0.0000000000
-1  -2.000  -28.000  0.000 0.0000000000
-1  -3.000  -28.000  0.000 0.0000000000
-1  -4.000  -28.000  0.000 0.0000000000
-1  -5.000  -28.000  0.000 0.0000000000
-1  3.000  -28.000  -1.000 0.0000000000
-1  2.000  -28.000  -1.000 0.0000000000
-1  1.000  -28.000  -1.000 0.0000000000
-1  0.000  -28.000  -1.000 0.0000000000
-1  -1.000  -28.000  -1.000 0.0000000000
-1  -2.000  -28.000  -1.000 0.0000000000
-1  -3.000  -28.000  -1.000 0.0000000000
-1  1.000  -28.000  -2.000 0.0000000000
-1  0.000  -28.000  -2.000 0.0000000000
-1  2.000  -27.000  17.000 0.0000000000
-1  1.000  -27.000  17.000 0.0000000000
-1  1.000  -27.000  16.000 0.0000000000
-1  4.000  -27.000  13.000 0.0000000000
-1  6.000  -27.000  12.000 0.0000000000
-1  5.000  -27.000  12.000 0.0000000000
-1  4.000  -27.000  12.000 0.0000000000
-1  3.000  -27.000  12.000 0.0000000000
-1  2.000  -27.000  12.000 0.0000000000
-1  1.000  -27.000  12.000 0.0000000000
-1  0.000  -27.000  12.000 0.0000000000
-1  -1.000  -27.000  12.000 0.0000000000
-1  6.000  -27.000  11.000 0.0000000000
-1  5.000  -27.000  11.000 0.0000000000
-1  4.000  -27.000  11.000 0.0000000000
-1  3.000  -27.000  11.000 0.0000000000
-1  2.000  -27.000  11.000 0.0000000000
-1  1.000  -27.000  11.000 0.0000000000
-1  0.000  -27.000  11.000 0.0000000000
-1  -1.000  -27.000  11.000 0.0000000000
-1  -2.000  -27.000  11.000 0.0000000000
-1  -3.000  -27.000  11.000 0.0000000000
-1  -4.000  -27.000  11.000 0.0000000000
-1  6.000  -27.000  10.000 0.0000000000
-1  5.000  -27.000  10.000 0.0000000000
-1  4.000  -27.000  10.000 0.0000000000
-1  3.000  -27.000  10.000 0.0000000000
-1  2.000  -27.000  10.000 0.0000000000
-1  1.000  -27.000  10.000 0.0000000000
-1  0.000  -27.000  10.000 0.0000000000
-1  -1.000  -27.000  10.000 0.0000000000
-1  -2.000  -27.000  10.000 0.0000000000
-1  -3.000  -27.000  10.000 0.0000000000
-1  -4.000  -27.000  10.000 0.0000000000
-1  6.000  -27.000  9.000 0.0000000000
-1  5.000  -27.000  9.000 0.0000000000
-1  4.000  -27.000  9.000 0.0000000000
-1  3.000  -27.000  9.000 0.0000000000
-1  2.000  -27.000  9.000 0.0000000000
-1  1.000  -27.000  9.000 0.0000000000
-1  0.000  -27.000  9.000 0.0000000000
-1  -1.000  -27.000  9.000 0.0000000000
-1  -2.000  -27.000  9.000 0.0000000000
-1  -3.000  -27.000  9.000 0.0000000000
-1  -4.000  -27.000  9.000 0.0000000000
-1  6.000  -27.000  8.000 0.0000000000
-1  5.000  -27.000  8.000 0.0000000000
-1  4.000  -27.000  8.000 0.0000000000
-1  3.000  -27.000  8.000 0.0000000000
-1  2.000  -27.000  8.000 0.0000000000
-1  1.000  -27.000  8.000 0.0000000000
-1  0.000  -27.000  8.000 0.0000000000
-1  -1.000  -27.000  8.000 0.0000000000
-1  -2.000  -27.000  8.000 0.0000000000
-1  -3.000  -27.000  8.000 0.0000000000
-1  -4.000  -27.000  8.000 0.0000000000
-1  6.000  -27.000  7.000 0.0000000000
-1  5.000  -27.000  7.000 0.0000000000
-1  4.000  -27.000  7.000 0.0000000000
-1  3.000  -27.000  7.000 0.0000000000
-1  2.000  -27.000  7.000 0.0000000000
-1  1.000  -27.000  7.000 0.0000000000
-1  0.000  -27.000  7.000 0.0000000000
-1  -1.000  -27.000  7.000 0.0000000000
-1  -2.000  -27.000  7.000 0.0000000000
-1  -3.000  -27.000  7.000 0.0000000000
-1  -4.000  -27.000  7.000 0.0000000000
-1  6.000  -27.000  6.000 0.0000000000
-1  5.000  -27.000  6.000 0.0000000000
-1  4.000  -27.000  6.000 0.0000000000
-1  3.000  -27.000  6.000 0.0000000000
-1  2.000  -27.000  6.000 0.0000000000
-1  1.000  -27.000  6.000 0.0000000000
-1  0.000  -27.000  6.000 0.0000000000
-1  -1.000  -27.000  6.000 0.0000000000
-1  -2.000  -27.000  6.000 0.0000000000
-1  -3.000  -27.000  6.000 0.0000000000
-1  -4.000  -27.000  6.000 0.0000000000
-1  -5.000  -27.000  6.000 0.0000000000
-1  7.000  -27.000  5.000 0.0000000000
-1  6.000  -27.000  5.000 0.0000000000
-1  5.000  -27.000  5.000 0.0000000000
-1  4.000  -27.000  5.000 0.0000000000
-1  3.000  -27.000  5.000 0.0000000000
-1  2.000  -27.000  5.000 0.0000000000
-1  1.000  -27.000  5.000 0.0000000000
-1  0.000  -27.000  5.000 0.0000000000
-1  -1.000  -27.000  5.000 0.0000000000
-1  -2.000  -27.000  5.000 0.0000000000
-1  -3.000  -27.000  5.000 0.0000000000
-1  -4.000  -27.000  5.000 0.0000000000
-1  -5.000  -27.000  5.000 0.0000000000
-1  7.000  -27.000  4.000 0.0000000000
-1  6.000  -27.000  4.000 0.0000000000
-1  5.000  -27.000  4.000 0.0000000000
-1  4.000  -27.000  4.000 0.0000000000
-1  3.000  -27.000  4.000 0.0000000000
-1  2.000  -27.000  4.000 0.0000000000
-1  -1.000  -27.000  4.000 0.0000000000
-1  -2.000  -27.000  4.000 0.0000000000
-1  -3.000  -27.000  4.000 0.0000000000
-1  -4.000  -27.000  4.000 0.0000000000
-1  7.000  -27.000  3.000 0.0000000000
-1  6.000  -27.000  3.000 0.0000000000
-1  5.000  -27.000  3.000 0.0000000000
-1  4.000  -27.000  3.000 0.0000000000
-1  3.000  -27.000  3.000 0.0000000000
-1  2.000  -27.000  3.000 0.0000000000
-1  0.000  -27.000  3.000 0.0000000000
-1  -1.000  -27.000  3.000 0.0000000000
-1  -2.000  -27.000  3.000 0.0000000000
-1  -3.000  -27.000  3.000 0.0000000000
-1  -4.000  -27.000  3.000 0.0000000000
-1  6.000  -27.000  2.000 0.0000000000
-1  5.000  -27.000  2.000 0.0000000000
-1  4.000  -27.000  2.000 0.0000000000
-1  3.000  -27.000  2.000 0.0000000000
-1  2.000  -27.000  2.000 0.0000000000
-1  0.000  -27.000  2.000 0.0000000000
-1  -1.000  -27.000  2.000 0.0000000000
-1  -2.000  -27.000  2.000 0.0000000000
-1  -3.000  -27.000  2.000 0.0000000000
-1  -4.000  -27.000  2.000 0.0000000000
-1  6.000  -27.000  1.000 0.0000000000
-1  5.000  -27.000  1.000 0.0000000000
-1  4.000  -27.000  1.000 0.0000000000
-1  3.000  -27.000  1.000 0.0000000000
-1  2.000  -27.000  1.000 0.0000000000
-1  0.000  -27.000  1.000 0.0000000000
-1  -1.000  -27.000  1.000 0.0000000000
-1  -2.000  -27.000  1.000 0.0000000000
-1  -3.000  -27.000  1.000 0.0000000000
-1  6.000  -27.000  0.000 0.0000000000
-1  5.000  -27.000  0.000 0.0000000000
-1  4.000  -27.000  0.000 0.0000000000
-1  3.000  -27.000  0.000 0.0000000000
-1  2.000  -27.000  0.000 0.0000000000
-1  1.000  -27.000  0.000 0.0000000000
-1  0.000  -27.000  0.000 0.0000000000
-1  -1.000  -27.000  0.000 0.0000000000
-1  -2.000  -27.000  0.000 0.0000000000
-1  -3.000  -27.000  0.000 0.0000000000
-1  2.000  -27.000  -1.000 0.0000000000
-1  1.000  -27.000  -1.000 0.0000000000
-1  0.000  -27.000  -1.000 0.0000000000
-1  -1.000  -27.000  -1.000 0.0000000000
-1  -2.000  -27.000  -1.000 0.0000000000
-1  1.000  -26.000  18.000 0.0000000000
-1  1.000  -26.000  17.000 0.0000000000
-1  0.000  -26.000  17.000 0.0000000000
-1  1.000  -26.000  16.000 0.0000000000
-1  0.000  -26.000  16.000 0.0000000000
-1  0.000  -26.000  15.000 0.0000000000
-1  5.000  -26.000  14.000 0.0000000000
-1  6.000  -26.000  13.000 0.0000000000
-1  5.000  -26.000  13.000 0.0000000000
-1  4.000  -26.000  13.000 0.0000000000
-1  3.000  -26.000  13.000 0.0000000000
-1  2.000  -26.000  13.000 0.0000000000
-1  1.000  -26.000  13.000 0.0000000000
-1  0.000  -26.000  13.000 0.0000000000
-1  -1.000  -26.000  13.000 0.0000000000
-1  -3.000  -26.000  13.000 0.0000000000
-1  7.000  -26.000  12.000 0.0000000000
-1  6.000  -26.000  12.000 0.0000000000
-1  5.000  -26.000  12.000 0.0000000000
-1  4.000  -26.000  12.000 0.0000000000
-1  3.000  -26.000  12.000 0.0000000000
-1  2.000  -26.000  12.000 0.0000000000
-1  1.000  -26.000  12.000 0.0000000000
-1  0.000  -26.000  12.000 0.0000000000
-1  -1.000  -26.000  12.000 0.0000000000
-1  -2.000  -26.000  12.000 0.0000000000
-1  -3.000  -26.000  12.000 0.0000000000
-1  -4.000  -26.000  12.000 0.0000000000
-1  -5.000  -26.000  12.000 0.0000000000
-1  6.000  -26.000  11.000 0.0000000000
-1  5.000  -26.000  11.000 0.0000000000
-1  4.000  -26.000  11.000 0.0000000000
-1  3.000  -26.000  11.000 0.0000000000
-1  2.000  -26.000  11.000 0.0000000000
-1  1.000  -26.000  11.000 0.0000000000
-1  0.000  -26.000  11.000 0.0000000000
-1  -1.000  -26.000  11.000 0.0000000000
-1  -2.000  -26.000  11.000 0.0000000000
-1  -3.000  -26.000  11.000 0.0000000000
-1  -4.000  -26.000  11.000 0.0000000000
-1  -5.000  -26.000  11.000 0.0000000000
-1  6.000  -26.000  10.000 0.0000000000
-1  5.000  -26.000  10.000 0.0000000000
-1  4.000  -26.000  10.000 0.0000000000
-1  3.000  -26.000  10.000 0.0000000000
-1  2.000  -26.000  10.000 0.0000000000
-1  1.000  -26.000  10.000 0.0000000000
-1  0.000  -26.000  10.000 0.0000000000
-1  -1.000  -26.000  10.000 0.0000000000
-1  -2.000  -26.000  10.000 0.0000000000
-1  -3.000  -26.000  10.000 0.0000000000
-1  -4.000  -26.000  10.000 0.0000000000
-1  6.000  -26.000  9.000 0.0000000000
-1  5.000  -26.000  9.000 0.0000000000
-1  4.000  -26.000  9.000 0.0000000000
-1  3.000  -26.000  9.000 0.0000000000
-1  2.000  -26.000  9.000 0.0000000000
-1  1.000  -26.000  9.000 0.0000000000
-1  0.000  -26.000  9.000 0.0000000000
-1  -1.000  -26.000  9.000 0.0000000000
-1  -2.000  -26.000  9.000 0.0000000000
-1  -3.000  -26.000  9.000 0.0000000000
-1  -4.000  -26.000  9.000 0.0000000000
-1  6.000  -26.000  8.000 0.0000000000
-1  5.000  -26.000  8.000 0.0000000000
-1  4.000  -26.000  8.000 0.0000000000
-1  3.000  -26.000  8.000 0.0000000000
-1  2.000  -26.000  8.000 0.0000000000
-1  1.000  -26.000  8.000 0.0000000000
-1  0.000  -26.000  8.000 0.0000000000
-1  -1.000  -26.000  8.000 0.0000000000
-1  -2.000  -26.000  8.000 0.0000000000
-1  -3.000  -26.000  8.000 0.0000000000
-1  -4.000  -26.000  8.000 0.0000000000
-1  6.000  -26.000  7.000 0.0000000000
-1  5.000  -26.000  7.000 0.0000000000
-1  4.000  -26.000  7.000 0.0000000000
-1  3.000  -26.000  7.000 0.0000000000
-1  2.000  -26.000  7.000 0.0000000000
-1  1.000  -26.000  7.000 0.0000000000
-1  0.000  -26.000  7.000 0.0000000000
-1  -1.000  -26.000  7.000 0.0000000000
-1  -2.000  -26.000  7.000 0.0000000000
-1  -3.000  -26.000  7.000 0.0000000000
-1  -4.000  -26.000  7.000 0.0000000000
-1  6.000  -26.000  6.000 0.0000000000
-1  5.000  -26.000  6.000 0.0000000000
-1  4.000  -26.000  6.000 0.0000000000
-1  3.000  -26.000  6.000 0.0000000000
-1  2.000  -26.000  6.000 0.0000000000
-1  -1.000  -26.000  6.000 0.0000000000
-1  -2.000  -26.000  6.000 0.0000000000
-1  -3.000  -26.000  6.000 0.0000000000
-1  -4.000  -26.000  6.000 0.0000000000
-1  6.000  -26.000  5.000 0.0000000000
-1  5.000  -26.000  5.000 0.0000000000
-1  4.000  -26.000  5.000 0.0000000000
-1  3.000  -26.000  5.000 0.0000000000
-1  2.000  -26.000  5.000 0.0000000000
-1  -1.000  -26.000  5.000 0.0000000000
-1  -2.000  -26.000  5.000 0.0000000000
-1  -3.000  -26.000  5.000 0.0000000000
-1  -4.000  -26.000  5.000 0.0000000000
-1  6.000  -26.000  4.000 0.0000000000
-1  5.000  -26.000  4.000 0.0000000000
-1  4.000  -26.000  4.000 0.0000000000
-1  3.000  -26.000  4.000 0.0000000000
-1  2.000  -26.000  4.000 0.0000000000
-1  -1.000  -26.000  4.000 0.0000000000
-1  -2.000  -26.000  4.000 0.0000000000
-1  -3.000  -26.000  4.000 0.0000000000
-1  -4.000  -26.000  4.000 0.0000000000
-1  5.000  -26.000  3.000 0.0000000000
-1  4.000  -26.000  3.000 0.0000000000
-1  3.000  -26.000  3.000 0.0000000000
-1  2.000  -26.000  3.000 0.0000000000
-1  -1.000  -26.000  3.000 0.0000000000
-1  -2.000  -26.000  3.000 0.0000000000
-1  -3.000  -26.000  3.000 0.0000000000
-1  5.000  -26.000  2.000 0.0000000000
-1  4.000  -26.000  2.000 0.0000000000
-1  3.000  -26.000  2.000 0.0000000000
-1  2.000  -26.000  2.000 0.0000000000
-1  -1.000  -26.000  2.000 0.0000000000
-1  -2.000  -26.000  2.000 0.0000000000
-1  -3.000  -26.000  2.000 0.0000000000
-1  5.000  -26.000  1.000 0.0000000000
-1  4.000  -26.000  1.000 0.0000000000
-1  3.000  -26.000  1.000 0.0000000000
-1  -2.000  -26.000  1.000 0.0000000000
-1  5.000  -26.000  0.000 0.0000000000
-1  4.000  -26.000  0.000 0.0000000000
-1  3.000  -26.000  0.000 0.0000000000
-1  -2.000  -26.000  0.000 0.0000000000
-1  1.000  -25.000  18.000 0.0000000000
-1  2.000  -25.000  17.000 0.0000000000
-1  1.000  -25.000  17.000 0.0000000000
-1  0.000  -25.000  17.000 0.0000000000
-1  2.000  -25.000  16.000 0.0000000000
-1  1.000  -25.000  16.000 0.0000000000
-1  0.000  -25.000  16.000 0.0000000000
-1  4.000  -25.000  15.000 0.0000000000
-1  3.000  -25.000  15.000 0.0000000000
-1  2.000  -25.000  15.000 0.0000000000
-1  1.000  -25.000  15.000 0.0000000000
-1  0.000  -25.000  15.000 0.0000000000
-1  -1.000  -25.000  15.000 0.0000000000
-1  5.000  -25.000  14.000 0.0000000000
-1  4.000  -25.000  14.000 0.0000000000
-1  3.000  -25.000  14.000 0.0000000000
-1  2.000  -25.000  14.000 0.0000000000
-1  1.000  -25.000  14.000 0.0000000000
-1  0.000  -25.000  14.000 0.0000000000
-1  -1.000  -25.000  14.000 0.0000000000
-1  -2.000  -25.000  14.000 0.0000000000
-1  6.000  -25.000  13.000 0.0000000000
-1  5.000  -25.000  13.000 0.0000000000
-1  4.000  -25.000  13.000 0.0000000000
-1  3.000  -25.000  13.000 0.0000000000
-1  2.000  -25.000  13.000 0.0000000000
-1  1.000  -25.000  13.000 0.0000000000
-1  0.000  -25.000  13.000 0.0000000000
-1  -1.000  -25.000  13.000 0.0000000000
-1  -2.000  -25.000  13.000 0.0000000000
-1  -3.000  -25.000  13.000 0.0000000000
-1  6.000  -25.000  12.000 0.0000000000
-1  5.000  -25.000  12.000 0.0000000000
-1  4.000  -25.000  12.000 0.0000000000
-1  3.000  -25.000  12.000 0.0000000000
-1  2.000  -25.000  12.000 0.0000000000
-1  1.000  -25.000  12.000 0.0000000000
-1  0.000  -25.000  12.000 0.0000000000
-1  -1.000  -25.000  12.000 0.0000000000
-1  -2.000  -25.000  12.000 0.0000000000
-1  -3.000  -25.000  12.000 0.0000000000
-1  -4.000  -25.000  12.000 0.0000000000
-1  -5.000  -25.000  12.000 0.0000000000
-1  6.000  -25.000  11.000 0.0000000000
-1  5.000  -25.000  11.000 0.0000000000
-1  4.000  -25.000  11.000 0.0000000000
-1  3.000  -25.000  11.000 0.0000000000
-1  2.000  -25.000  11.000 0.0000000000
-1  1.000  -25.000  11.000 0.0000000000
-1  0.000  -25.000  11.000 0.0000000000
-1  -1.000  -25.000  11.000 0.0000000000
-1  -2.000  -25.000  11.000 0.0000000000
-1  -3.000  -25.000  11.000 0.0000000000
-1  -4.000  -25.000  11.000 0.0000000000
-1  6.000  -25.000  10.000 0.0000000000
-1  5.000  -25.000  10.000 0.0000000000
-1  4.000  -25.000  10.000 0.0000000000
-1  3.000  -25.000  10.000 0.0000000000
-1  2.000  -25.000  10.000 0.0000000000
-1  1.000  -25.000  10.000 0.0000000000
-1  0.000  -25.000  10.000 0.0000000000
-1  -1.000  -25.000  10.000 0.0000000000
-1  -2.000  -25.000  10.000 0.0000000000
-1  -3.000  -25.000  10.000 0.0000000000
-1  -4.000  -25.000  10.000 0.0000000000
-1  6.000  -25.000  9.000 0.0000000000
-1  5.000  -25.000  9.000 0.0000000000
-1  4.000  -25.000  9.000 0.0000000000
-1  3.000  -25.000  9.000 0.0000000000
-1  2.000  -25.000  9.000 0.0000000000
-1  1.000  -25.000  9.000 0.0000000000
-1  0.000  -25.000  9.000 0.0000000000
-1  -1.000  -25.000  9.000 0.0000000000
-1  -2.000  -25.000  9.000 0.0000000000
-1  -3.000  -25.000  9.000 0.0000000000
-1  -4.000  -25.000  9.000 0.0000000000
-1  6.000  -25.000  8.000 0.0000000000
-1  5.000  -25.000  8.000 0.0000000000
-1  4.000  -25.000  8.000 0.0000000000
-1  3.000  -25.000  8.000 0.0000000000
-1  2.000  -25.000  8.000 0.0000000000
-1  1.000  -25.000  8.000 0.0000000000
-1  0.000  -25.000  8.000 0.0000000000
-1  -1.000  -25.000  8.000 0.0000000000
-1  -2.000  -25.000  8.000 0.0000000000
-1  -3.000  -25.000  8.000 0.0000000000
-1  -4.000  -25.000  8.000 0.0000000000
-1  6.000  -25.000  7.000 0.0000000000
-1  5.000  -25.000  7.000 0.0000000000
-1  4.000  -25.000  7.000 0.0000000000
-1  3.000  -25.000  7.000 0.0000000000
-1  2.000  -25.000  7.000 0.0000000000
-1  1.000  -25.000  7.000 0.0000000000
-1  0.000  -25.000  7.000 0.0000000000
-1  -1.000  -25.000  7.000 0.0000000000
-1  -2.000  -25.000  7.000 0.0000000000
-1  -3.000  -25.000  7.000 0.0000000000
-1  6.000  -25.000  6.000 0.0000000000
-1  5.000  -25.000  6.000 0.0000000000
-1  4.000  -25.000  6.000 0.0000000000
-1  3.000  -25.000  6.000 0.0000000000
-1  2.000  -25.000  6.000 0.0000000000
-1  -1.000  -25.000  6.000 0.0000000000
-1  -2.000  -25.000  6.000 0.0000000000
-1  -3.000  -25.000  6.000 0.0000000000
-1  -4.000  -25.000  6.000 0.0000000000
-1  5.000  -25.000  5.000 0.0000000000
-1  4.000  -25.000  5.000 0.0000000000
-1  3.000  -25.000  5.000 0.0000000000
-1  2.000  -25.000  5.000 0.0000000000
-1  -1.000  -25.000  5.000 0.0000000000
-1  -2.000  -25.000  5.000 0.0000000000
-1  -3.000  -25.000  5.000 0.0000000000
-1  4.000  -25.000  4.000 0.0000000000
-1  3.000  -25.000  4.000 0.0000000000
-1  2.000  -25.000  4.000 0.0000000000
-1  -1.000  -25.000  4.000 0.0000000000
-1  -2.000  -25.000  4.000 0.0000000000
-1  -3.000  -25.000  4.000 0.0000000000
-1  4.000  -25.000  3.000 0.0000000000
-1  3.000  -25.000  3.000 0.0000000000
-1  3.000  -25.000  2.000 0.0000000000
-1  4.000  -25.000  1.000 0.0000000000
-1  3.000  -25.000  1.000 0.0000000000
-1  2.000  -24.000  18.000 0.0000000000
-1  1.000  -24.000  18.000 0.0000000000
-1  2.000  -24.000  17.000 0.0000000000
-1  1.000  -24.000  17.000 0.0000000000
-1  0.000  -24.000  17.000 0.0000000000
-1  2.000  -24.000  16.000 0.0000000000
-1  1.000  -24.000  16.000 0.0000000000
-1  0.000  -24.000  16.000 0.0000000000
-1  4.000  -24.000  15.000 0.0000000000
-1  3.000  -24.000  15.000 0.0000000000
-1  2.000  -24.000  15.000 0.0000000000
-1  1.000  -24.000  15.000 0.0000000000
-1  0.000  -24.000  15.000 0.0000000000
-1  -1.000  -24.000  15.000 0.0000000000
-1  6.000  -24.000  14.000 0.0000000000
-1  5.000  -24.000  14.000 0.0000000000
-1  4.000  -24.000  14.000 0.0000000000
-1  3.000  -24.000  14.000 0.0000000000
-1  2.000  -24.000  14.000 0.0000000000
-1  1.000  -24.000  14.000 0.0000000000
-1  0.000  -24.000  14.000 0.0000000000
-1  -1.000  -24.000  14.000 0.0000000000
-1  -2.000  -24.000  14.000 0.0000000000
-1  6.000  -24.000  13.000 0.0000000000
-1  5.000  -24.000  13.000 0.0000000000
-1  4.000  -24.000  13.000 0.0000000000
-1  3.000  -24.000  13.000 0.0000000000
-1  2.000  -24.000  13.000 0.0000000000
-1  1.000  -24.000  13.000 0.0000000000
-1  0.000  -24.000  13.000 0.0000000000
-1  -1.000  -24.000  13.000 0.0000000000
-1  -2.000  -24.000  13.000 0.0000000000
-1  -3.000  -24.000  13.000 0.0000000000
-1  -4.000  -24.000  13.000 0.0000000000
-1  6.000  -24.000  12.000 0.0000000000
-1  5.000  -24.000  12.000 0.0000000000
-1  4.000  -24.000  12.000 0.0000000000
-1  3.000  -24.000  12.000 0.0000000000
-1  2.000  -24.000  12.000 0.0000000000
-1  1.000  -24.000  12.000 0.0000000000
-1  0.000  -24.000  12.000 0.0000000000
-1  -1.000  -24.000  12.000 0.0000000000
-1  -2.000  -24.000  12.000 0.0000000000
-1  -3.000  -24.000  12.000 0.0000000000
-1  -4.000  -24.000  12.000 0.0000000000
-1  -5.000  -24.000  12.000 0.0000000000
-1  6.000  -24.000  11.000 0.0000000000
-1  5.000  -24.000  11.000 0.0000000000
-1  4.000  -24.000  11.000 0.0000000000
-1  3.000  -24.000  11.000 0.0000000000
-1  2.000  -24.000  11.000 0.0000000000
-1  1.000  -24.000  11.000 0.0000000000
-1  0.000  -24.000  11.000 0.0000000000
-1  -1.000  -24.000  11.000 0.0000000000
-1  -2.000  -24.000  11.000 0.0000000000
-1  -3.000  -24.000  11.000 0.0000000000
-1  5.000  -24.000  10.000 0.0000000000
-1  4.000  -24.000  10.000 0.0000000000
-1  3.000  -24.000  10.000 0.0000000000
-1  2.000  -24.000  10.000 0.0000000000
-1  1.000  -24.000  10.000 0.0000000000
-1  0.000  -24.000  10.000 0.0000000000
-1  -1.000  -24.000  10.000 0.0000000000
-1  -2.000  -24.000  10.000 0.0000000000
-1  -3.000  -24.000  10.000 0.0000000000
-1  -4.000  -24.000  10.000 0.0000000000
-1  5.000  -24.000  9.000 0.0000000000
-1  4.000  -24.000  9.000 0.0000000000
-1  3.000  -24.000  9.000 0.0000000000
-1  2.000  -24.000  9.000 0.0000000000
-1  1.000  -24.000  9.000 0.0000000000
-1  0.000  -24.000  9.000 0.0000000000
-1  -1.000  -24.000  9.000 0.0000000000
-1  -2.000  -24.000  9.000 0.0000000000
-1  -3.000  -24.000  9.000 0.0000000000
-1  -4.000  -24.000  9.000 0.0000000000
-1  5.000  -24.000  8.000 0.0000000000
-1  4.000  -24.000  8.000 0.0000000000
-1  3.000  -24.000  8.000 0.0000000000
-1  2.000  -24.000  8.000 0.0000000000
-1  1.000  -24.000  8.000 0.0000000000
-1  0.000  -24.000  8.000 0.0000000000
-1  -1.000  -24.000  8.000 0.0000000000
-1  -2.000  -24.000  8.000 0.0000000000
-1  -3.000  -24.000  8.000 0.0000000000
-1  4.000  -24.000  7.000 0.0000000000
-1  3.000  -24.000  7.000 0.0000000000
-1  2.000  -24.000  7.000 0.0000000000
-1  1.000  -24.000  7.000 0.0000000000
-1  0.000  -24.000  7.000 0.0000000000
-1  -1.000  -24.000  7.000 0.0000000000
-1  -2.000  -24.000  7.000 0.0000000000
-1  -3.000  -24.000  7.000 0.0000000000
-1  4.000  -24.000  6.000 0.0000000000
-1  3.000  -24.000  6.000 0.0000000000
-1  2.000  -24.000  6.000 0.0000000000
-1  -1.000  -24.000  6.000 0.0000000000
-1  -2.000  -24.000  6.000 0.0000000000
-1  -3.000  -24.000  6.000 0.0000000000
-1  4.000  -24.000  5.000 0.0000000000
-1  3.000  -24.000  5.000 0.0000000000
-1  2.000  -24.000  5.000 0.0000000000
-1  -1.000  -24.000  5.000 0.0000000000
-1  -2.000  -24.000  5.000 0.0000000000
-1  -3.000  -24.000  5.000 0.0000000000
-1  4.000  -24.000  4.000 0.0000000000
-1  3.000  -24.000  4.000 0.0000000000
-1  -2.000  -24.000  4.000 0.0000000000
-1  4.000  -24.000  3.000 0.0000000000
-1  3.000  -24.000  3.000 0.0000000000
-1  4.000  -24.000  2.000 0.0000000000
-1  3.000  -24.000  2.000 0.0000000000
-1  4.000  -24.000  1.000 0.0000000000
-1  2.000  -23.000  18.000 0.0000000000
-1  1.000  -23.000  18.000 0.0000000000
-1  0.000  -23.000  18.000 0.0000000000
-1  2.000  -23.000  17.000 0.0000000000
-1  1.000  -23.000  17.000 0.0000000000
-1  0.000  -23.000  17.000 0.0000000000
-1  2.000  -23.000  16.000 0.0000000000
-1  1.000  -23.000  16.000 0.0000000000
-1  0.000  -23.000  16.000 0.0000000000
-1  -1.000  -23.000  16.000 0.0000000000
-1  4.000  -23.000  15.000 0.0000000000
-1  3.000  -23.000  15.000 0.0000000000
-1  2.000  -23.000  15.000 0.0000000000
-1  1.000  -23.000  15.000 0.0000000000
-1  0.000  -23.000  15.000 0.0000000000
-1  -1.000  -23.000  15.000 0.0000000000
-1  6.000  -23.000  14.000 0.0000000000
-1  5.000  -23.000  14.000 0.0000000000
-1  4.000  -23.000  14.000 0.0000000000
-1  3.000  -23.000  14.000 0.0000000000
-1  2.000  -23.000  14.000 0.0000000000
-1  1.000  -23.000  14.000 0.0000000000
-1  0.000  -23.000  14.000 0.0000000000
-1  -1.000  -23.000  14.000 0.0000000000
-1  -2.000  -23.000  14.000 0.0000000000
-1  -3.000  -23.000  14.000 0.0000000000
-1  6.000  -23.000  13.000 0.0000000000
-1  5.000  -23.000  13.000 0.0000000000
-1  4.000  -23.000  13.000 0.0000000000
-1  3.000  -23.000  13.000 0.0000000000
-1  2.000  -23.000  13.000 0.0000000000
-1  1.000  -23.000  13.000 0.0000000000
-1  0.000  -23.000  13.000 0.0000000000
-1  -1.000  -23.000  13.000 0.0000000000
-1  -2.000  -23.000  13.000 0.0000000000
-1  -3.000  -23.000  13.000 0.0000000000
-1  5.000  -23.000  12.000 0.0000000000
-1  4.000  -23.000  12.000 0.0000000000
-1  3.000  -23.000  12.000 0.0000000000
-1  2.000  -23.000  12.000 0.0000000000
-1  1.000  -23.000  12.000 0.0000000000
-1  0.000  -23.000  12.000 0.0000000000
-1  -1.000  -23.000  12.000 0.0000000000
-1  -2.000  -23.000  12.000 0.0000000000
-1  -3.000  -23.000  12.000 0.0000000000
-1  -4.000  -23.000  12.000 0.0000000000
-1  5.000  -23.000  11.000 0.0000000000
-1  4.000  -23.000  11.000 0.0000000000
-1  3.000  -23.000  11.000 0.0000000000
-1  2.000  -23.000  11.000 0.0000000000
-1  1.000  -23.000  11.000 0.0000000000
-1  0.000  -23.000  11.000 0.0000000000
-1  -1.000  -23.000  11.000 0.0000000000
-1  -2.000  -23.000  11.000 0.0000000000
-1  -3.000  -23.000  11.000 0.0000000000
-1  5.000  -23.000  10.000 0.0000000000
-1  4.000  -23.000  10.000 0.0000000000
-1  3.000  -23.000  10.000 0.0000000000
-1  2.000  -23.000  10.000 0.0000000000
-1  1.000  -23.000  10.000 0.0000000000
-1  0.000  -23.000  10.000 0.0000000000
-1  -1.000  -23.000  10.000 0.0000000000
-1  -2.000  -23.000  10.000 0.0000000000
-1  -3.000  -23.000  10.000 0.0000000000
-1  4.000  -23.000  9.000 0.0000000000
-1  3.000  -23.000  9.000 0.0000000000
-1  2.000  -23.000  9.000 0.0000000000
-1  1.000  -23.000  9.000 0.0000000000
-1  0.000  -23.000  9.000 0.0000000000
-1  -1.000  -23.000  9.000 0.0000000000
-1  -2.000  -23.000  9.000 0.0000000000
-1  -3.000  -23.000  9.000 0.0000000000
-1  4.000  -23.000  8.000 0.0000000000
-1  3.000  -23.000  8.000 0.0000000000
-1  2.000  -23.000  8.000 0.0000000000
-1  1.000  -23.000  8.000 0.0000000000
-1  0.000  -23.000  8.000 0.0000000000
-1  -1.000  -23.000  8.000 0.0000000000
-1  -2.000  -23.000  8.000 0.0000000000
-1  -3.000  -23.000  8.000 0.0000000000
-1  4.000  -23.000  7.000 0.0000000000
-1  3.000  -23.000  7.000 0.0000000000
-1  2.000  -23.000  7.000 0.0000000000
-1  1.000  -23.000  7.000 0.0000000000
-1  0.000  -23.000  7.000 0.0000000000
-1  -1.000  -23.000  7.000 0.0000000000
-1  -2.000  -23.000  7.000 0.0000000000
-1  -3.000  -23.000  7.000 0.0000000000
-1  4.000  -23.000  6.000 0.0000000000
-1  3.000  -23.000  6.000 0.0000000000
-1  2.000  -23.000  6.000 0.0000000000
-1  -1.000  -23.000  6.000 0.0000000000
-1  -2.000  -23.000  6.000 0.0000000000
-1  3.000  -23.000  5.000 0.0000000000
-1  2.000  -23.000  5.000 0.0000000000
-1  3.000  -23.000  4.000 0.0000000000
-1  3.000  -23.000  3.000 0.0000000000
-1  1.000  -22.000  18.000 0.0000000000
-1  0.000  -22.000  18.000 0.0000000000
-1  2.000  -22.000  17.000 0.0000000000
-1  1.000  -22.000  17.000 0.0000000000
-1  0.000  -22.000  17.000 0.0000000000
-1  2.000  -22.000  16.000 0.0000000000
-1  1.000  -22.000  16.000 0.0000000000
-1  0.000  -22.000  16.000 0.0000000000
-1  -1.000  -22.000  16.000 0.0000000000
-1  4.000  -22.000  15.000 0.0000000000
-1  3.000  -22.000  15.000 0.0000000000
-1  2.000  -22.000  15.000 0.0000000000
-1  1.000  -22.000  15.000 0.0000000000
-1  0.000  -22.000  15.000 0.0000000000
-1  -1.000  -22.000  15.000 0.0000000000
-1  6.000  -22.000  14.000 0.0000000000
-1  5.000  -22.000  14.000 0.0000000000
-1  4.000  -22.000  14.000 0.0000000000
-1  3.000  -22.000  14.000 0.0000000000
-1  2.000  -22.000  14.000 0.0000000000
-1  1.000  -22.000  14.000 0.0000000000
-1  0.000  -22.000  14.000 0.0000000000
-1  -1.000  -22.000  14.000 0.0000000000
-1  -2.000  -22.000  14.000 0.0000000000
-1  5.000  -22.000  13.000 0.0000000000
-1  4.000  -22.000  13.000 0.0000000000
-1  3.000  -22.000  13.000 0.0000000000
-1  2.000  -22.000  13.000 0.0000000000
-1  1.000  -22.000  13.000 0.0000000000
-1  0.000  -22.000  13.000 0.0000000000
-1  -1.000  -22.000  13.000 0.0000000000
-1  -2.000  -22.000  13.000 0.0000000000
-1  -3.000  -22.000  13.000 0.0000000000
-1  5.000  -22.000  12.000 0.0000000000
-1  4.000  -22.000  12.000 0.0000000000
-1  3.000  -22.000  12.000 0.0000000000
-1  2.000  -22.000  12.000 0.0000000000
-1  1.000  -22.000  12.000 0.0000000000
-1  0.000  -22.000  12.000 0.0000000000
-1  -1.000  -22.000  12.000 0.0000000000
-1  -2.000  -22.000  12.000 0.0000000000
-1  -3.000  -22.000  12.000 0.0000000000
-1  4.000  -22.000  11.000 0.0000000000
-1  3.000  -22.000  11.000 0.0000000000
-1  2.000  -22.000  11.000 0.0000000000
-1  1.000  -22.000  11.000 0.0000000000
-1  0.000  -22.000  11.000 0.0000000000
-1  -1.000  -22.000  11.000 0.0000000000
-1  -2.000  -22.000  11.000 0.0000000000
-1  -3.000  -22.000  11.000 0.0000000000
-1  4.000  -22.000  10.000 0.0000000000
-1  3.000  -22.000  10.000 0.0000000000
-1  2.000  -22.000  10.000 0.0000000000
-1  1.000  -22.000  10.000 0.0000000000
-1  0.000  -22.000  10.000 0.0000000000
-1  -1.000  -22.000  10.000 0.0000000000
-1  -2.000  -22.000  10.000 0.0000000000
-1  -3.000  -22.000  10.000 0.0000000000
-1  3.000  -22.000  9.000 0.0000000000
-1  2.000  -22.000  9.000 0.0000000000
-1  1.000  -22.000  9.000 0.0000000000
-1  0.000  -22.000  9.000 0.0000000000
-1  -1.000  -22.000  9.000 0.0000000000
-1  -2.000  -22.000  9.000 0.0000000000
-1  3.000  -22.000  8.000 0.0000000000
-1  2.000  -22.000  8.000 0.0000000000
-1  1.000  -22.000  8.000 0.0000000000
-1  0.000  -22.000  8.000 0.0000000000
-1  -1.000  -22.000  8.000 0.0000000000
-1  -2.000  -22.000  8.000 0.0000000000
-1  3.000  -22.000  7.000 0.0000000000
-1  2.000  -22.000  7.000 0.0000000000
-1  1.000  -22.000  7.000 0.0000000000
-1  0.000  -22.000  7.000 0.0000000000
-1  -1.000  -22.000  7.000 0.0000000000
-1  -2.000  -22.000  7.000 0.0000000000
-1  3.000  -22.000  6.000 0.0000000000
-1  2.000  -22.000  6.000 0.0000000000
-1  1.000  -22.000  6.000 0.0000000000
-1  0.000  -22.000  6.000 0.0000000000
-1  -1.000  -22.000  6.000 0.0000000000
-1  3.000  -22.000  5.000 0.0000000000
-1  2.000  -21.000  18.000 0.0000000000
-1  1.000  -21.000  18.000 0.0000000000
-1  0.000  -21.000  18.000 0.0000000000
-1  2.000  -21.000  17.000 0.0000000000
-1  1.000  -21.000  17.000 0.0000000000
-1  0.000  -21.000  17.000 0.0000000000
-1  2.000  -21.000  16.000 0.0000000000
-1  1.000  -21.000  16.000 0.0000000000
-1  0.000  -21.000  16.000 0.0000000000
-1  3.000  -21.000  15.000 0.0000000000
-1  2.000  -21.000  15.000 0.0000000000
-1  1.000  -21.000  15.000 0.0000000000
-1  0.000  -21.000  15.000 0.0000000000
-1  -1.000  -21.000  15.000 0.0000000000
-1  -2.000  -21.000  15.000 0.0000000000
-1  5.000  -21.000  14.000 0.0000000000
-1  4.000  -21.000  14.000 0.0000000000
-1  3.000  -21.000  14.000 0.0000000000
-1  2.000  -21.000  14.000 0.0000000000
-1  1.000  -21.000  14.000 0.0000000000
-1  0.000  -21.000  14.000 0.0000000000
-1  -1.000  -21.000  14.000 0.0000000000
-1  -2.000  -21.000  14.000 0.0000000000
-1  5.000  -21.000  13.000 0.0000000000
-1  4.000  -21.000  13.000 0.0000000000
-1  3.000  -21.000  13.000 0.0000000000
-1  2.000  -21.000  13.000 0.0000000000
-1  1.000  -21.000  13.000 0.0000000000
-1  0.000  -21.000  13.000 0.0000000000
-1  -1.000  -21.000  13.000 0.0000000000
-1  -2.000  -21.000  13.000 0.0000000000
-1  -3.000  -21.000  13.000 0.0000000000
-1  4.000  -21.000  12.000 0.0000000000
-1  3.000  -21.000  12.000 0.0000000000
-1  2.000  -21.000  12.000 0.0000000000
-1  1.000  -21.000  12.000 0.0000000000
-1  0.000  -21.000  12.000 0.0000000000
-1  -1.000  -21.000  12.000 0.0000000000
-1  -2.000  -21.000  12.000 0.0000000000
-1  -3.000  -21.000  12.000 0.0000000000
-1  4.000  -21.000  11.000 0.0000000000
-1  3.000  -21.000  11.000 0.0000000000
-1  2.000  -21.000  11.000 0.0000000000
-1  1.000  -21.000  11.000 0.0000000000
-1  0.000  -21.000  11.000 0.0000000000
-1  -1.000  -21.000  11.000 0.0000000000
-1  -2.000  -21.000  11.000 0.0000000000
-1  -3.000  -21.000  11.000 0.0000000000
-1  4.000  -21.000  10.000 0.0000000000
-1  3.000  -21.000  10.000 0.0000000000
-1  2.000  -21.000  10.000 0.0000000000
-1  1.000  -21.000  10.000 0.0000000000
-1  0.000  -21.000  10.000 0.0000000000
-1  -1.000  -21.000  10.000 0.0000000000
-1  -2.000  -21.000  10.000 0.0000000000
-1  -3.000  -21.000  10.000 0.0000000000
-1  2.000  -21.000  9.000 0.0000000000
-1  1.000  -21.000  9.000 0.0000000000
-1  0.000  -21.000  9.000 0.0000000000
-1  -1.000  -21.000  9.000 0.0000000000
-1  -2.000  -21.000  9.000 0.0000000000
-1  2.000  -21.000  8.000 0.0000000000
-1  1.000  -21.000  8.000 0.0000000000
-1  0.000  -21.000  8.000 0.0000000000
-1  -1.000  -21.000  8.000 0.0000000000
-1  -2.000  -21.000  8.000 0.0000000000
-1  2.000  -21.000  7.000 0.0000000000
-1  1.000  -21.000  7.000 0.0000000000
-1  0.000  -21.000  7.000 0.0000000000
-1  -1.000  -21.000  7.000 0.0000000000
-1  2.000  -21.000  6.000 0.0000000000
-1  1.000  -20.000  18.000 0.0000000000
-1  0.000  -20.000  18.000 0.0000000000
-1  2.000  -20.000  17.000 0.0000000000
-1  1.000  -20.000  17.000 0.0000000000
-1  0.000  -20.000  17.000 0.0000000000
-1  2.000  -20.000  16.000 0.0000000000
-1  1.000  -20.000  16.000 0.0000000000
-1  0.000  -20.000  16.000 0.0000000000
-1  -1.000  -20.000  16.000 0.0000000000
-1  3.000  -20.000  15.000 0.0000000000
-1  2.000  -20.000  15.000 0.0000000000
-1  1.000  -20.000  15.000 0.0000000000
-1  0.000  -20.000  15.000 0.0000000000
-1  -1.000  -20.000  15.000 0.0000000000
-1  -2.000  -20.000  15.000 0.0000000000
-1  5.000  -20.000  14.000 0.0000000000
-1  4.000  -20.000  14.000 0.0000000000
-1  3.000  -20.000  14.000 0.0000000000
-1  2.000  -20.000  14.000 0.0000000000
-1  1.000  -20.000  14.000 0.0000000000
-1  0.000  -20.000  14.000 0.0000000000
-1  -1.000  -20.000  14.000 0.0000000000
-1  -2.000  -20.000  14.000 0.0000000000
-1  4.000  -20.000  13.000 0.0000000000
-1  3.000  -20.000  13.000 0.0000000000
-1  2.000  -20.000  13.000 0.0000000000
-1  1.000  -20.000  13.000 0.0000000000
-1  0.000  -20.000  13.000 0.0000000000
-1  -1.000  -20.000  13.000 0.0000000000
-1  -2.000  -20.000  13.000 0.0000000000
-1  -3.000  -20.000  13.000 0.0000000000
-1  4.000  -20.000  12.000 0.0000000000
-1  3.000  -20.000  12.000 0.0000000000
-1  2.000  -20.000  12.000 0.0000000000
-1  1.000  -20.000  12.000 0.0000000000
-1  0.000  -20.000  12.000 0.0000000000
-1  -1.000  -20.000  12.000 0.0000000000
-1  -2.000  -20.000  12.000 0.0000000000
-1  -3.000  -20.000  12.000 0.0000000000
-1  3.000  -20.000  11.000 0.0000000000
-1  2.000  -20.000  11.000 0.0000000000
-1  1.000  -20.000  11.000 0.0000000000
-1  0.000  -20.000  11.000 0.0000000000
-1  -1.000  -20.000  11.000 0.0000000000
-1  -2.000  -20.000  11.000 0.0000000000
-1  -3.000  -20.000  11.000 0.0000000000
-1  3.000  -20.000  10.000 0.0000000000
-1  2.000  -20.000  10.000 0.0000000000
-1  1.000  -20.000  10.000 0.0000000000
-1  0.000  -20.000  10.000 0.0000000000
-1  -1.000  -20.000  10.000 0.0000000000
-1  -2.000  -20.000  10.000 0.0000000000
-1  2.000  -20.000  9.000 0.0000000000
-1  1.000  -20.000  9.000 0.0000000000
-1  0.000  -20.000  9.000 0.0000000000
-1  -1.000  -20.000  9.000 0.0000000000
-1  -2.000  -20.000  9.000 0.0000000000
-1  2.000  -20.000  8.000 0.0000000000
-1  1.000  -20.000  8.000 0.0000000000
-1  0.000  -20.000  8.000 0.0000000000
-1  -1.000  -20.000  8.000 0.0000000000
-1  2.000  -20.000  7.000 0.0000000000
-1  1.000  -20.000  7.000 0.0000000000
-1  0.000  -20.000  7.000 0.0000000000
-1  -1.000  -20.000  7.000 0.0000000000
-1  2.000  -20.000  6.000 0.0000000000
-1  1.000  -20.000  6.000 0.0000000000
-1  0.000  -20.000  6.000 0.0000000000
-1  1.000  -19.000  17.000 0.0000000000
-1  0.000  -19.000  17.000 0.0000000000
-1  2.000  -19.000  16.000 0.0000000000
-1  1.000  -19.000  16.000 0.0000000000
-1  0.000  -19.000  16.000 0.0000000000
-1  2.000  -19.000  15.000 0.0000000000
-1  1.000  -19.000  15.000 0.0000000000
-1  0.000  -19.000  15.000 0.0000000000
-1  -1.000  -19.000  15.000 0.0000000000
-1  4.000  -19.000  14.000 0.0000000000
-1  3.000  -19.000  14.000 0.0000000000
-1  2.000  -19.000  14.000 0.0000000000
-1  1.000  -19.000  14.000 0.0000000000
-1  0.000  -19.000  14.000 0.0000000000
-1  -1.000  -19.000  14.000 0.0000000000
-1  -2.000  -19.000  14.000 0.0000000000
-1  4.000  -19.000  13.000 0.0000000000
-1  3.000  -19.000  13.000 0.0000000000
-1  2.000  -19.000  13.000 0.0000000000
-1  1.000  -19.000  13.000 0.0000000000
-1  0.000  -19.000  13.000 0.0000000000
-1  -1.000  -19.000  13.000 0.0000000000
-1  -2.000  -19.000  13.000 0.0000000000
-1  -3.000  -19.000  13.000 0.0000000000
-1  3.000  -19.000  12.000 0.0000000000
-1  2.000  -19.000  12.000 0.0000000000
-1  1.000  -19.000  12.000 0.0000000000
-1  0.000  -19.000  12.000 0.0000000000
-1  -1.000  -19.000  12.000 0.0000000000
-1  -2.000  -19.000  12.000 0.0000000000
-1  -3.000  -19.000  12.000 0.0000000000
-1  2.000  -19.000  11.000 0.0000000000
-1  1.000  -19.000  11.000 0.0000000000
-1  0.000  -19.000  11.000 0.0000000000
-1  -1.000  -19.000  11.000 0.0000000000
-1  -2.000  -19.000  11.000 0.0000000000
-1  -3.000  -19.000  11.000 0.0000000000
-1  2.000  -19.000  10.000 0.0000000000
-1  1.000  -19.000  10.000 0.0000000000
-1  0.000  -19.000  10.000 0.0000000000
-1  -1.000  -19.000  10.000 0.0000000000
-1  -2.000  -19.000  10.000 0.0000000000
-1  2.000  -19.000  9.000 0.0000000000
-1  1.000  -19.000  9.000 0.0000000000
-1  0.000  -19.000  9.000 0.0000000000
-1  -1.000  -19.000  9.000 0.0000000000
-1  2.000  -19.000  8.000 0.0000000000
-1  1.000  -19.000  8.000 0.0000000000
-1  0.000  -19.000  8.000 0.0000000000
-1  -1.000  -19.000  8.000 0.0000000000
-1  2.000  -19.000  7.000 0.0000000000
-1  1.000  -19.000  7.000 0.0000000000
-1  0.000  -19.000  7.000 0.0000000000
-1  -1.000  -19.000  7.000 0.0000000000
-1  2.000  -19.000  6.000 0.0000000000
-1  1.000  -19.000  6.000 0.0000000000
-1  0.000  -19.000  6.000 0.0000000000
-1  1.000  -18.000  17.000 0.0000000000
-1  0.000  -18.000  17.000 0.0000000000
-1  2.000  -18.000  16.000 0.0000000000
-1  1.000  -18.000  16.000 0.0000000000
-1  0.000  -18.000  16.000 0.0000000000
-1  2.000  -18.000  15.000 0.0000000000
-1  1.000  -18.000  15.000 0.0000000000
-1  0.000  -18.000  15.000 0.0000000000
-1  3.000  -18.000  14.000 0.0000000000
-1  2.000  -18.000  14.000 0.0000000000
-1  1.000  -18.000  14.000 0.0000000000
-1  0.000  -18.000  14.000 0.0000000000
-1  -1.000  -18.000  14.000 0.0000000000
-1  -2.000  -18.000  14.000 0.0000000000
-1  3.000  -18.000  13.000 0.0000000000
-1  2.000  -18.000  13.000 0.0000000000
-1  1.000  -18.000  13.000 0.0000000000
-1  0.000  -18.000  13.000 0.0000000000
-1  -1.000  -18.000  13.000 0.0000000000
-1  -2.000  -18.000  13.000 0.0000000000
-1  -3.000  -18.000  13.000 0.0000000000
-1  3.000  -18.000  12.000 0.0000000000
-1  2.000  -18.000  12.000 0.0000000000
-1  1.000  -18.000  12.000 0.0000000000
-1  0.000  -18.000  12.000 0.0000000000
-1  -1.000  -18.000  12.000 0.0000000000
-1  -2.000  -18.000  12.000 0.0000000000
-1  2.000  -18.000  11.000 0.0000000000
-1  1.000  -18.000  11.000 0.0000000000
-1  0.000  -18.000  11.000 0.0000000000
-1  -1.000  -18.000  11.000 0.0000000000
-1  -2.000  -18.000  11.000 0.0000000000
-1  2.000  -18.000  10.000 0.0000000000
-1  1.000  -18.000  10.000 0.0000000000
-1  0.000  -18.000  10.000 0.0000000000
-1  -1.000  -18.000  10.000 0.0000000000
-1  2.000  -18.000  9.000 0.0000000000
-1  1.000  -18.000  9.000 0.0000000000
-1  0.000  -18.000  9.000 0.0000000000
-1  -1.000  -18.000  9.000 0.0000000000
-1  2.000  -18.000  8.000 0.0000000000
-1  1.000  -18.000  8.000 0.0000000000
-1  0.000  -18.000  8.000 0.0000000000
-1  -1.000  -18.000  8.000 0.0000000000
-1  2.000  -18.000  7.000 0.0000000000
-1  1.000  -18.000  7.000 0.0000000000
-1  0.000  -18.000  7.000 0.0000000000
-1  1.000  -18.000  6.000 0.0000000000
-1  0.000  -18.000  6.000 0.0000000000
-1  1.000  -17.000  16.000 0.0000000000
-1  0.000  -17.000  16.000 0.0000000000
-1  2.000  -17.000  15.000 0.0000000000
-1  1.000  -17.000  15.000 0.0000000000
-1  0.000  -17.000  15.000 0.0000000000
-1  3.000  -17.000  14.000 0.0000000000
-1  2.000  -17.000  14.000 0.0000000000
-1  1.000  -17.000  14.000 0.0000000000
-1  0.000  -17.000  14.000 0.0000000000
-1  -1.000  -17.000  14.000 0.0000000000
-1  -2.000  -17.000  14.000 0.0000000000
-1  -3.000  -17.000  14.000 0.0000000000
-1  2.000  -17.000  13.000 0.0000000000
-1  1.000  -17.000  13.000 0.0000000000
-1  0.000  -17.000  13.000 0.0000000000
-1  -1.000  -17.000  13.000 0.0000000000
-1  -2.000  -17.000  13.000 0.0000000000
-1  2.000  -17.000  12.000 0.0000000000
-1  1.000  -17.000  12.000 0.0000000000
-1  0.000  -17.000  12.000 0.0000000000
-1  -1.000  -17.000  12.000 0.0000000000
-1  -2.000  -17.000  12.000 0.0000000000
-1  2.000  -17.000  11.000 0.0000000000
-1  1.000  -17.000  11.000 0.0000000000
-1  0.000  -17.000  11.000 0.0000000000
-1  -1.000  -17.000  11.000 0.0000000000
-1  -2.000  -17.000  11.000 0.0000000000
-1  2.000  -17.000  10.000 0.0000000000
-1  1.000  -17.000  10.000 0.0000000000
-1  0.000  -17.000  10.000 0.0000000000
-1  -1.000  -17.000  10.000 0.0000000000
-1  2.000  -17.000  9.000 0.0000000000
-1  1.000  -17.000  9.000 0.0000000000
-1  0.000  -17.000  9.000 0.0000000000
-1  -1.000  -17.000  9.000 0.0000000000
-1  2.000  -17.000  8.000 0.0000000000
-1  1.000  -17.000  8.000 0.0000000000
-1  0.000  -17.000  8.000 0.0000000000
-1  -1.000  -17.000  8.000 0.0000000000
-1  2.000  -17.000  7.000 0.0000000000
-1  1.000  -17.000  7.000 0.0000000000
-1  0.000  -17.000  7.000 0.0000000000
-1  1.000  -16.000  15.000 0.0000000000
-1  0.000  -16.000  15.000 0.0000000000
-1  3.000  -16.000  14.000 0.0000000000
-1  2.000  -16.000  14.000 0.0000000000
-1  1.000  -16.000  14.000 0.0000000000
-1  0.000  -16.000  14.000 0.0000000000
-1  -1.000  -16.000  14.000 0.0000000000
-1  2.000  -16.000  13.000 0.0000000000
-1  1.000  -16.000  13.000 0.0000000000
-1  0.000  -16.000  13.000 0.0000000000
-1  -1.000  -16.000  13.000 0.0000000000
-1  -2.000  -16.000  13.000 0.0000000000
-1  2.000  -16.000  12.000 0.0000000000
-1  1.000  -16.000  12.000 0.0000000000
-1  0.000  -16.000  12.000 0.0000000000
-1  -1.000  -16.000  12.000 0.0000000000
-1  -2.000  -16.000  12.000 0.0000000000
-1  2.000  -16.000  11.000 0.0000000000
-1  1.000  -16.000  11.000 0.0000000000
-1  0.000  -16.000  11.000 0.0000000000
-1  -1.000  -16.000  11.000 0.0000000000
-1  -2.000  -16.000  11.000 0.0000000000
-1  2.000  -16.000  10.000 0.0000000000
-1  1.000  -16.000  10.000 0.0000000000
-1  0.000  -16.000  10.000 0.0000000000
-1  -1.000  -16.000  10.000 0.0000000000
-1  2.000  -16.000  9.000 0.0000000000
-1  1.000  -16.000  9.000 0.0000000000
-1  0.000  -16.000  9.000 0.0000000000
-1  2.000  -16.000  8.000 0.0000000000
-1  1.000  -16.000  8.000 0.0000000000
-1  0.000  -16.000  8.000 0.0000000000
-1  1.000  -16.000  7.000 0.0000000000
-1  0.000  -16.000  7.000 0.0000000000
-1  0.000  -16.000  6.000 0.0000000000
-1  2.000  -15.000  15.000 0.0000000000
-1  1.000  -15.000  15.000 0.0000000000
-1  0.000  -15.000  15.000 0.0000000000
-1  3.000  -15.000  14.000 0.0000000000
-1  2.000  -15.000  14.000 0.0000000000
-1  1.000  -15.000  14.000 0.0000000000
-1  0.000  -15.000  14.000 0.0000000000
-1  -1.000  -15.000  14.000 0.0000000000
-1  2.000  -15.000  13.000 0.0000000000
-1  1.000  -15.000  13.000 0.0000000000
-1  0.000  -15.000  13.000 0.0000000000
-1  -1.000  -15.000  13.000 0.0000000000
-1  -2.000  -15.000  13.000 0.0000000000
-1  2.000  -15.000  12.000 0.0000000000
-1  1.000  -15.000  12.000 0.0000000000
-1  0.000  -15.000  12.000 0.0000000000
-1  -1.000  -15.000  12.000 0.0000000000
-1  -2.000  -15.000  12.000 0.0000000000
-1  2.000  -15.000  11.000 0.0000000000
-1  1.000  -15.000  11.000 0.0000000000
-1  0.000  -15.000  11.000 0.0000000000
-1  -1.000  -15.000  11.000 0.0000000000
-1  2.000  -15.000  10.000 0.0000000000
-1  1.000  -15.000  10.000 0.0000000000
-1  0.000  -15.000  10.000 0.0000000000
-1  -1.000  -15.000  10.000 0.0000000000
-1  2.000  -15.000  9.000 0.0000000000
-1  1.000  -15.000  9.000 0.0000000000
-1  0.000  -15.000  9.000 0.0000000000
-1  -1.000  -15.000  9.000 0.0000000000
-1  2.000  -15.000  8.000 0.0000000000
-1  1.000  -15.000  8.000 0.0000000000
-1  0.000  -15.000  8.000 0.0000000000
-1  1.000  -15.000  7.000 0.0000000000
-1  0.000  -15.000  7.000 0.0000000000
-1  0.000  -15.000  6.000 0.0000000000
-1  1.000  -14.000  14.000 0.0000000000
-1  2.000  -14.000  13.000 0.0000000000
-1  1.000  -14.000  13.000 0.0000000000
-1  0.000  -14.000  13.000 0.0000000000
-1  -1.000  -14.000  13.000 0.0000000000
-1  -2.000  -14.000  13.000 0.0000000000
-1  2.000  -14.000  12.000 0.0000000000
-1  1.000  -14.000  12.000 0.0000000000
-1  0.000  -14.000  12.000 0.0000000000
-1  -1.000  -14.000  12.000 0.0000000000
-1  -2.000  -14.000  12.000 0.0000000000
-1  2.000  -14.000  11.000 0.0000000000
-1  1.000  -14.000  11.000 0.0000000000
-1  0.000  -14.000  11.000 0.0000000000
-1  -1.000  -14.000  11.000 0.0000000000
-1  2.000  -14.000  10.000 0.0000000000
-1  1.000  -14.000  10.000 0.0000000000
-1  0.000  -14.000  10.000 0.0000000000
-1  -1.000  -14.000  10.000 0.0000000000
-1  2.000  -14.000  9.000 0.0000000000
-1  1.000  -14.000  9.000 0.0000000000
-1  0.000  -14.000  9.000 0.0000000000
-1  -1.000  -14.000  9.000 0.0000000000
-1  2.000  -14.000  8.000 0.0000000000
-1  1.000  -14.000  8.000 0.0000000000
-1  0.000  -14.000  8.000 0.0000000000
-1  -1.000  -14.000  8.000 0.0000000000
-1  1.000  -14.000  7.000 0.0000000000
-1  0.000  -14.000  7.000 0.0000000000
-1  0.000  -14.000  6.000 0.0000000000
-1  1.000  -13.000  14.000 0.0000000000
-1  2.000  -13.000  13.000 0.0000000000
-1  1.000  -13.000  13.000 0.0000000000
-1  0.000  -13.000  13.000 0.0000000000
-1  -1.000  -13.000  13.000 0.0000000000
-1  2.000  -13.000  12.000 0.0000000000
-1  1.000  -13.000  12.000 0.0000000000
-1  0.000  -13.000  12.000 0.0000000000
-1  -1.000  -13.000  12.000 0.0000000000
-1  -2.000  -13.000  12.000 0.0000000000
-1  2.000  -13.000  11.000 0.0000000000
-1  1.000  -13.000  11.000 0.0000000000
-1  0.000  -13.000  11.000 0.0000000000
-1  -1.000  -13.000  11.000 0.0000000000
-1  2.000  -13.000  10.000 0.0000000000
-1  1.000  -13.000  10.000 0.0000000000
-1  0.000  -13.000  10.000 0.0000000000
-1  -1.000  -13.000  10.000 0.0000000000
-1  1.000  -13.000  9.000 0.0000000000
-1  0.000  -13.000  9.000 0.0000000000
-1  -1.000  -13.000  9.000 0.0000000000
-1  2.000  -13.000  8.000 0.0000000000
-1  1.000  -13.000  8.000 0.0000000000
-1  0.000  -13.000  8.000 0.0000000000
-1  -1.000  -13.000  8.000 0.0000000000
-1  1.000  -13.000  7.000 0.0000000000
-1  0.000  -13.000  7.000 0.0000000000
-1  0.000  -13.000  6.000 0.0000000000
-1  0.000  -13.000  5.000 0.0000000000
-1  1.000  -13.000  4.000 0.0000000000
-1  0.000  -13.000  4.000 0.0000000000
-1  2.000  -12.000  14.000 0.0000000000
-1  1.000  -12.000  14.000 0.0000000000
-1  2.000  -12.000  13.000 0.0000000000
-1  1.000  -12.000  13.000 0.0000000000
-1  0.000  -12.000  13.000 0.0000000000
-1  -1.000  -12.000  13.000 0.0000000000
-1  2.000  -12.000  12.000 0.0000000000
-1  1.000  -12.000  12.000 0.0000000000
-1  0.000  -12.000  12.000 0.0000000000
-1  -1.000  -12.000  12.000 0.0000000000
-1  2.000  -12.000  11.000 0.0000000000
-1  1.000  -12.000  11.000 0.0000000000
-1  0.000  -12.000  11.000 0.0000000000
-1  -1.000  -12.000  11.000 0.0000000000
-1  2.000  -12.000  10.000 0.0000000000
-1  1.000  -12.000  10.000 0.0000000000
-1  0.000  -12.000  10.000 0.0000000000
-1  -1.000  -12.000  10.000 0.0000000000
-1  2.000  -12.000  9.000 0.0000000000
-1  1.000  -12.000  9.000 0.0000000000
-1  0.000  -12.000  9.000 0.0000000000
-1  -1.000  -12.000  9.000 0.0000000000
-1  2.000  -12.000  8.000 0.0000000000
-1  1.000  -12.000  8.000 0.0000000000
-1  0.000  -12.000  8.000 0.0000000000
-1  -1.000  -12.000  8.000 0.0000000000
-1  1.000  -12.000  7.000 0.0000000000
-1  0.000  -12.000  7.000 0.0000000000
-1  1.000  -12.000  6.000 0.0000000000
-1  0.000  -12.000  6.000 0.0000000000
-1  1.000  -12.000  5.000 0.0000000000
-1  0.000  -12.000  5.000 0.0000000000
-1  1.000  -12.000  4.000 0.0000000000
-1  0.000  -12.000  4.000 0.0000000000
-1  1.000  -12.000  3.000 0.0000000000
-1  0.000  -12.000  3.000 0.0000000000
-1  2.000  -11.000  13.000 0.0000000000
-1  1.000  -11.000  13.000 0.0000000000
-1  0.000  -11.000  13.000 0.0000000000
-1  2.000  -11.000  12.000 0.0000000000
-1  1.000  -11.000  12.000 0.0000000000
-1  0.000  -11.000  12.000 0.0000000000
-1  -1.000  -11.000  12.000 0.0000000000
-1  2.000  -11.000  11.000 0.0000000000
-1  1.000  -11.000  11.000 0.0000000000
-1  0.000  -11.000  11.000 0.0000000000
-1  -1.000  -11.000  11.000 0.0000000000
-1  2.000  -11.000  10.000 0.0000000000
-1  1.000  -11.000  10.000 0.0000000000
-1  0.000  -11.000  10.000 0.0000000000
-1  -1.000  -11.000  10.000 0.0000000000
-1  2.000  -11.000  9.000 0.0000000000
-1  1.000  -11.000  9.000 0.0000000000
-1  0.000  -11.000  9.000 0.0000000000
-1  -1.000  -11.000  9.000 0.0000000000
-1  2.000  -11.000  8.000 0.0000000000
-1  1.000  -11.000  8.000 0.0000000000
-1  0.000  -11.000  8.000 0.0000000000
-1  -1.000  -11.000  8.000 0.0000000000
-1  1.000  -11.000  7.000 0.0000000000
-1  0.000  -11.000  7.000 0.0000000000
-1  1.000  -11.000  6.000 0.0000000000
-1  0.000  -11.000  6.000 0.0000000000
-1  1.000  -11.000  5.000 0.0000000000
-1  0.000  -11.000  5.000 0.0000000000
-1  1.000  -11.000  4.000 0.0000000000
-1  0.000  -11.000  4.000 0.0000000000
-1  1.000  -11.000  3.000 0.0000000000
-1  0.000  -11.000  3.000 0.0000000000
-1  0.000  -11.000  2.000 0.0000000000
-1  1.000  -10.000  13.000 0.0000000000
-1  0.000  -10.000  13.000 0.0000000000
-1  2.000  -10.000  12.000 0.0000000000
-1  1.000  -10.000  12.000 0.0000000000
-1  0.000  -10.000  12.000 0.0000000000
-1  2.000  -10.000  11.000 0.0000000000
-1  1.000  -10.000  11.000 0.0000000000
-1  0.000  -10.000  11.000 0.0000000000
-1  -1.000  -10.000  11.000 0.0000000000
-1  2.000  -10.000  10.000 0.0000000000
-1  1.000  -10.000  10.000 0.0000000000
-1  0.000  -10.000  10.000 0.0000000000
-1  -1.000  -10.000  10.000 0.0000000000
-1  1.000  -10.000  9.000 0.0000000000
-1  0.000  -10.000  9.000 0.0000000000
-1  -1.000  -10.000  9.000 0.0000000000
-1  2.000  -10.000  8.000 0.0000000000
-1  1.000  -10.000  8.000 0.0000000000
-1  0.000  -10.000  8.000 0.0000000000
-1  -1.000  -10.000  8.000 0.0000000000
-1  1.000  -10.000  7.000 0.0000000000
-1  0.000  -10.000  7.000 0.0000000000
-1  -1.000  -10.000  7.000 0.0000000000
-1  1.000  -10.000  6.000 0.0000000000
-1  0.000  -10.000  6.000 0.0000000000
-1  -1.000  -10.000  6.000 0.0000000000
-1  1.000  -10.000  5.000 0.0000000000
-1  0.000  -10.000  5.000 0.0000000000
-1  -1.000  -10.000  5.000 0.0000000000
-1  1.000  -10.000  4.000 0.0000000000
-1  0.000  -10.000  4.000 0.0000000000
-1  1.000  -10.000  3.000 0.0000000000
-1  0.000  -10.000  3.000 0.0000000000
-1  1.000  -10.000  2.000 0.0000000000
-1  0.000  -10.000  2.000 0.0000000000
-1  1.000  -10.000  1.000 0.0000000000
-1  0.000  -10.000  1.000 0.0000000000
-1  1.000  -9.000  12.000 0.0000000000
-1  0.000  -9.000  12.000 0.0000000000
-1  2.000  -9.000  11.000 0.0000000000
-1  1.000  -9.000  11.000 0.0000000000
-1  0.000  -9.000  11.000 0.0000000000
-1  -1.000  -9.000  11.000 0.0000000000
-1  2.000  -9.000  10.000 0.0000000000
-1  1.000  -9.000  10.000 0.0000000000
-1  0.000  -9.000  10.000 0.0000000000
-1  -1.000  -9.000  10.000 0.0000000000
-1  2.000  -9.000  9.000 0.0000000000
-1  1.000  -9.000  9.000 0.0000000000
-1  0.000  -9.000  9.000 0.0000000000
-1  -1.000  -9.000  9.000 0.0000000000
-1  2.000  -9.000  8.000 0.0000000000
-1  1.000  -9.000  8.000 0.0000000000
-1  0.000  -9.000  8.000 0.0000000000
-1  -1.000  -9.000  8.000 0.0000000000
-1  2.000  -9.000  7.000 0.0000000000
-1  1.000  -9.000  7.000 0.0000000000
-1  0.000  -9.000  7.000 0.0000000000
-1  -1.000  -9.000  7.000 0.0000000000
-1  2.000  -9.000  6.000 0.0000000000
-1  1.000  -9.000  6.000 0.0000000000
-1  0.000  -9.000  6.000 0.0000000000
-1  -1.000  -9.000  6.000 0.0000000000
-1  2.000  -9.000  5.000 0.0000000000
-1  1.000  -9.000  5.000 0.0000000000
-1  0.000  -9.000  5.000 0.0000000000
-1  -1.000  -9.000  5.000 0.0000000000
-1  1.000  -9.000  4.000 0.0000000000
-1  0.000  -9.000  4.000 0.0000000000
-1  -1.000  -9.000  4.000 0.0000000000
-1  1.000  -9.000  3.000 0.0000000000
-1  0.000  -9.000  3.000 0.0000000000
-1  1.000  -9.000  2.000 0.0000000000
-1  0.000  -9.000  2.000 0.0000000000
-1  1.000  -9.000  1.000 0.0000000000
-1  0.000  -9.000  1.000 0.0000000000
-1  -1.000  -9.000  1.000 0.0000000000
-1  1.000  -8.000  12.000 0.0000000000
-1  2.000  -8.000  11.000 0.0000000000
-1  1.000  -8.000  11.000 0.0000000000
-1  0.000  -8.000  11.000 0.0000000000
-1  2.000  -8.000  10.000 0.0000000000
-1  1.000  -8.000  10.000 0.0000000000
-1  0.000  -8.000  10.000 0.0000000000
-1  -1.000  -8.000  10.000 0.0000000000
-1  2.000  -8.000  9.000 0.0000000000
-1  1.000  -8.000  9.000 0.0000000000
-1  0.000  -8.000  9.000 0.0000000000
-1  -1.000  -8.000  9.000 0.0000000000
-1  -2.000  -8.000  9.000 0.0000000000
-1  2.000  -8.000  8.000 0.0000000000
-1  1.000  -8.000  8.000 0.0000000000
-1  0.000  -8.000  8.000 0.0000000000
-1  -1.000  -8.000  8.000 0.0000000000
-1  2.000  -8.000  7.000 0.0000000000
-1  1.000  -8.000  7.000 0.0000000000
-1  0.000  -8.000  7.000 0.0000000000
-1  -1.000  -8.000  7.000 0.0000000000
-1  2.000  -8.000  6.000 0.0000000000
-1  1.000  -8.000  6.000 0.0000000000
-1  0.000  -8.000  6.000 0.0000000000
-1  -1.000  -8.000  6.000 0.0000000000
-1  2.000  -8.000  5.000 0.0000000000
-1  1.000  -8.000  5.000 0.0000000000
-1  0.000  -8.000  5.000 0.0000000000
-1  -1.000  -8.000  5.000 0.0000000000
-1  2.000  -8.000  4.000 0.0000000000
-1  1.000  -8.000  4.000 0.0000000000
-1  0.000  -8.000  4.000 0.0000000000
-1  -1.000  -8.000  4.000 0.0000000000
-1  2.000  -8.000  3.000 0.0000000000
-1  1.000  -8.000  3.000 0.0000000000
-1  0.000  -8.000  3.000 0.0000000000
-1  -1.000  -8.000  3.000 0.0000000000
-1  2.000  -8.000  2.000 0.0000000000
-1  1.000  -8.000  2.000 0.0000000000
-1  0.000  -8.000  2.000 0.0000000000
-1  -1.000  -8.000  2.000 0.0000000000
-1  1.000  -8.000  1.000 0.0000000000
-1  0.000  -8.000  1.000 0.0000000000
-1  -1.000  -8.000  1.000 0.0000000000
-1  1.000  -7.000  10.000 0.0000000000
-1  0.000  -7.000  10.000 0.0000000000
-1  -1.000  -7.000  10.000 0.0000000000
-1  2.000  -7.000  9.000 0.0000000000
-1  1.000  -7.000  9.000 0.0000000000
-1  0.000  -7.000  9.000 0.0000000000
-1  -1.000  -7.000  9.000 0.0000000000
-1  -2.000  -7.000  9.000 0.0000000000
-1  2.000  -7.000  8.000 0.0000000000
-1  1.000  -7.000  8.000 0.0000000000
-1  0.000  -7.000  8.000 0.0000000000
-1  -1.000  -7.000  8.000 0.0000000000
-1  -2.000  -7.000  8.000 0.0000000000
-1  2.000  -7.000  7.000 0.0000000000
-1  1.000  -7.000  7.000 0.0000000000
-1  0.000  -7.000  7.000 0.0000000000
-1  -1.000  -7.000  7.000 0.0000000000
-1  -2.000  -7.000  7.000 0.0000000000
-1  2.000  -7.000  6.000 0.0000000000
-1  1.000  -7.000  6.000 0.0000000000
-1  0.000  -7.000  6.000 0.0000000000
-1  -1.000  -7.000  6.000 0.0000000000
-1  2.000  -7.000  5.000 0.0000000000
-1  1.000  -7.000  5.000 0.0000000000
-1  0.000  -7.000  5.000 0.0000000000
-1  -1.000  -7.000  5.000 0.0000000000
-1  2.000  -7.000  4.000 0.0000000000
-1  1.000  -7.000  4.000 0.0000000000
-1  0.000  -7.000  4.000 0.0000000000
-1  -1.000  -7.000  4.000 0.0000000000
-1  2.000  -7.000  3.000 0.0000000000
-1  1.000  -7.000  3.000 0.0000000000
-1  0.000  -7.000  3.000 0.0000000000
-1  -1.000  -7.000  3.000 0.0000000000
-1  2.000  -7.000  2.000 0.0000000000
-1  1.000  -7.000  2.000 0.0000000000
-1  0.000  -7.000  2.000 0.0000000000
-1  -1.000  -7.000  2.000 0.0000000000
-1  1.000  -6.000  10.000 0.0000000000
-1  1.000  -6.000  9.000 0.0000000000
-1  0.000  -6.000  9.000 0.0000000000
-1  -1.000  -6.000  9.000 0.0000000000
-1  -2.000  -6.000  9.000 0.0000000000
-1  2.000  -6.000  8.000 0.0000000000
-1  1.000  -6.000  8.000 0.0000000000
-1  0.000  -6.000  8.000 0.0000000000
-1  -1.000  -6.000  8.000 0.0000000000
-1  -2.000  -6.000  8.000 0.0000000000
-1  2.000  -6.000  7.000 0.0000000000
-1  1.000  -6.000  7.000 0.0000000000
-1  0.000  -6.000  7.000 0.0000000000
-1  -1.000  -6.000  7.000 0.0000000000
-1  -2.000  -6.000  7.000 0.0000000000
-1  2.000  -6.000  6.000 0.0000000000
-1  1.000  -6.000  6.000 0.0000000000
-1  0.000  -6.000  6.000 0.0000000000
-1  -1.000  -6.000  6.000 0.0000000000
-1  2.000  -6.000  5.000 0.0000000000
-1  1.000  -6.000  5.000 0.0000000000
-1  0.000  -6.000  5.000 0.0000000000
-1  -1.000  -6.000  5.000 0.0000000000
-1  -2.000  -6.000  5.000 0.0000000000
-1  2.000  -6.000  4.000 0.0000000000
-1  1.000  -6.000  4.000 0.0000000000
-1  0.000  -6.000  4.000 0.0000000000
-1  -1.000  -6.000  4.000 0.0000000000
-1  -2.000  -6.000  4.000 0.0000000000
-1  2.000  -6.000  3.000 0.0000000000
-1  1.000  -6.000  3.000 0.0000000000
-1  0.000  -6.000  3.000 0.0000000000
-1  -1.000  -6.000  3.000 0.0000000000
-1  2.000  -6.000  2.000 0.0000000000
-1  1.000  -6.000  2.000 0.0000000000
-1  1.000  -5.000  8.000 0.0000000000
-1  0.000  -5.000  8.000 0.0000000000
-1  2.000  -5.000  7.000 0.0000000000
-1  1.000  -5.000  7.000 0.0000000000
-1  0.000  -5.000  7.000 0.0000000000
-1  -1.000  -5.000  7.000 0.0000000000
-1  -2.000  -5.000  7.000 0.0000000000
-1  2.000  -5.000  6.000 0.0000000000
-1  1.000  -5.000  6.000 0.0000000000
-1  0.000  -5.000  6.000 0.0000000000
-1  -1.000  -5.000  6.000 0.0000000000
-1  -2.000  -5.000  6.000 0.0000000000
-1  2.000  -5.000  5.000 0.0000000000
-1  1.000  -5.000  5.000 0.0000000000
-1  0.000  -5.000  5.000 0.0000000000
-1  -1.000  -5.000  5.000 0.0000000000
-1  -2.000  -5.000  5.000 0.0000000000
-1  2.000  -5.000  4.000 0.0000000000
-1  1.000  -5.000  4.000 0.0000000000
-1  0.000  -5.000  4.000 0.0000000000
-1  -1.000  -5.000  4.000 0.0000000000
-1  -2.000  -5.000  4.000 0.0000000000
-1  2.000  -5.000  3.000 0.0000000000
-1  1.000  -5.000  3.000 0.0000000000
-1  1.000  -4.000  7.000 0.0000000000
-1  1.000  -4.000  6.000 0.0000000000
-1  2.000  -4.000  5.000 0.0000000000
-1  1.000  -4.000  5.000 0.0000000000
-1  0.000  -4.000  5.000 0.0000000000
-1  -1.000  -4.000  5.000 0.0000000000
-1  -2.000  -4.000  5.000 0.0000000000
-1  2.000  -4.000  4.000 0.0000000000
-1  1.000  -4.000  4.000 0.0000000000
-1  0.000  -4.000  4.000 0.0000000000
-1  2.000  -4.000  3.000 0.0000000000
