#!ascii label /Users/megardn/Desktop/BGD_Repos/labels/rh_0052.label , from subject  vox2ras=TkReg
1853
-1  28.000  -18.000  -1.000 0.0000000000
-1  28.000  -18.000  -2.000 0.0000000000
-1  29.000  -18.000  -4.000 0.0000000000
-1  27.000  -17.000  0.000 0.0000000000
-1  28.000  -17.000  -1.000 0.0000000000
-1  27.000  -17.000  -1.000 0.0000000000
-1  26.000  -17.000  -1.000 0.0000000000
-1  28.000  -17.000  -2.000 0.0000000000
-1  27.000  -17.000  -2.000 0.0000000000
-1  26.000  -17.000  -2.000 0.0000000000
-1  28.000  -17.000  -3.000 0.0000000000
-1  27.000  -17.000  -3.000 0.0000000000
-1  26.000  -17.000  -3.000 0.0000000000
-1  29.000  -17.000  -4.000 0.0000000000
-1  28.000  -17.000  -4.000 0.0000000000
-1  27.000  -17.000  -4.000 0.0000000000
-1  27.000  -16.000  2.000 0.0000000000
-1  26.000  -16.000  2.000 0.0000000000
-1  27.000  -16.000  1.000 0.0000000000
-1  26.000  -16.000  1.000 0.0000000000
-1  25.000  -16.000  1.000 0.0000000000
-1  28.000  -16.000  0.000 0.0000000000
-1  27.000  -16.000  0.000 0.0000000000
-1  26.000  -16.000  0.000 0.0000000000
-1  25.000  -16.000  0.000 0.0000000000
-1  28.000  -16.000  -1.000 0.0000000000
-1  27.000  -16.000  -1.000 0.0000000000
-1  26.000  -16.000  -1.000 0.0000000000
-1  25.000  -16.000  -1.000 0.0000000000
-1  28.000  -16.000  -2.000 0.0000000000
-1  27.000  -16.000  -2.000 0.0000000000
-1  26.000  -16.000  -2.000 0.0000000000
-1  25.000  -16.000  -2.000 0.0000000000
-1  28.000  -16.000  -3.000 0.0000000000
-1  27.000  -16.000  -3.000 0.0000000000
-1  26.000  -16.000  -3.000 0.0000000000
-1  25.000  -16.000  -3.000 0.0000000000
-1  24.000  -16.000  -3.000 0.0000000000
-1  29.000  -16.000  -4.000 0.0000000000
-1  28.000  -16.000  -4.000 0.0000000000
-1  27.000  -16.000  -4.000 0.0000000000
-1  26.000  -16.000  -4.000 0.0000000000
-1  25.000  -16.000  -4.000 0.0000000000
-1  24.000  -16.000  -4.000 0.0000000000
-1  29.000  -16.000  -5.000 0.0000000000
-1  28.000  -16.000  -5.000 0.0000000000
-1  27.000  -16.000  -5.000 0.0000000000
-1  26.000  -16.000  -5.000 0.0000000000
-1  25.000  -16.000  -5.000 0.0000000000
-1  28.000  -16.000  -6.000 0.0000000000
-1  27.000  -16.000  -6.000 0.0000000000
-1  27.000  -15.000  3.000 0.0000000000
-1  26.000  -15.000  3.000 0.0000000000
-1  27.000  -15.000  2.000 0.0000000000
-1  26.000  -15.000  2.000 0.0000000000
-1  25.000  -15.000  2.000 0.0000000000
-1  27.000  -15.000  1.000 0.0000000000
-1  26.000  -15.000  1.000 0.0000000000
-1  25.000  -15.000  1.000 0.0000000000
-1  24.000  -15.000  1.000 0.0000000000
-1  28.000  -15.000  0.000 0.0000000000
-1  27.000  -15.000  0.000 0.0000000000
-1  26.000  -15.000  0.000 0.0000000000
-1  25.000  -15.000  0.000 0.0000000000
-1  24.000  -15.000  0.000 0.0000000000
-1  28.000  -15.000  -1.000 0.0000000000
-1  27.000  -15.000  -1.000 0.0000000000
-1  26.000  -15.000  -1.000 0.0000000000
-1  25.000  -15.000  -1.000 0.0000000000
-1  24.000  -15.000  -1.000 0.0000000000
-1  28.000  -15.000  -2.000 0.0000000000
-1  27.000  -15.000  -2.000 0.0000000000
-1  26.000  -15.000  -2.000 0.0000000000
-1  25.000  -15.000  -2.000 0.0000000000
-1  24.000  -15.000  -2.000 0.0000000000
-1  28.000  -15.000  -3.000 0.0000000000
-1  27.000  -15.000  -3.000 0.0000000000
-1  26.000  -15.000  -3.000 0.0000000000
-1  25.000  -15.000  -3.000 0.0000000000
-1  24.000  -15.000  -3.000 0.0000000000
-1  29.000  -15.000  -4.000 0.0000000000
-1  28.000  -15.000  -4.000 0.0000000000
-1  27.000  -15.000  -4.000 0.0000000000
-1  26.000  -15.000  -4.000 0.0000000000
-1  25.000  -15.000  -4.000 0.0000000000
-1  24.000  -15.000  -4.000 0.0000000000
-1  29.000  -15.000  -5.000 0.0000000000
-1  28.000  -15.000  -5.000 0.0000000000
-1  27.000  -15.000  -5.000 0.0000000000
-1  26.000  -15.000  -5.000 0.0000000000
-1  25.000  -15.000  -5.000 0.0000000000
-1  24.000  -15.000  -5.000 0.0000000000
-1  29.000  -15.000  -6.000 0.0000000000
-1  28.000  -15.000  -6.000 0.0000000000
-1  27.000  -15.000  -6.000 0.0000000000
-1  26.000  -15.000  -6.000 0.0000000000
-1  25.000  -15.000  -6.000 0.0000000000
-1  28.000  -15.000  -7.000 0.0000000000
-1  27.000  -15.000  -7.000 0.0000000000
-1  26.000  -14.000  3.000 0.0000000000
-1  25.000  -14.000  3.000 0.0000000000
-1  27.000  -14.000  2.000 0.0000000000
-1  26.000  -14.000  2.000 0.0000000000
-1  25.000  -14.000  2.000 0.0000000000
-1  27.000  -14.000  1.000 0.0000000000
-1  26.000  -14.000  1.000 0.0000000000
-1  25.000  -14.000  1.000 0.0000000000
-1  24.000  -14.000  1.000 0.0000000000
-1  27.000  -14.000  0.000 0.0000000000
-1  26.000  -14.000  0.000 0.0000000000
-1  25.000  -14.000  0.000 0.0000000000
-1  24.000  -14.000  0.000 0.0000000000
-1  28.000  -14.000  -1.000 0.0000000000
-1  27.000  -14.000  -1.000 0.0000000000
-1  26.000  -14.000  -1.000 0.0000000000
-1  25.000  -14.000  -1.000 0.0000000000
-1  24.000  -14.000  -1.000 0.0000000000
-1  28.000  -14.000  -2.000 0.0000000000
-1  27.000  -14.000  -2.000 0.0000000000
-1  26.000  -14.000  -2.000 0.0000000000
-1  25.000  -14.000  -2.000 0.0000000000
-1  24.000  -14.000  -2.000 0.0000000000
-1  29.000  -14.000  -3.000 0.0000000000
-1  28.000  -14.000  -3.000 0.0000000000
-1  27.000  -14.000  -3.000 0.0000000000
-1  26.000  -14.000  -3.000 0.0000000000
-1  25.000  -14.000  -3.000 0.0000000000
-1  24.000  -14.000  -3.000 0.0000000000
-1  29.000  -14.000  -4.000 0.0000000000
-1  28.000  -14.000  -4.000 0.0000000000
-1  27.000  -14.000  -4.000 0.0000000000
-1  26.000  -14.000  -4.000 0.0000000000
-1  25.000  -14.000  -4.000 0.0000000000
-1  24.000  -14.000  -4.000 0.0000000000
-1  29.000  -14.000  -5.000 0.0000000000
-1  28.000  -14.000  -5.000 0.0000000000
-1  27.000  -14.000  -5.000 0.0000000000
-1  26.000  -14.000  -5.000 0.0000000000
-1  25.000  -14.000  -5.000 0.0000000000
-1  24.000  -14.000  -5.000 0.0000000000
-1  28.000  -14.000  -6.000 0.0000000000
-1  27.000  -14.000  -6.000 0.0000000000
-1  26.000  -14.000  -6.000 0.0000000000
-1  25.000  -14.000  -6.000 0.0000000000
-1  27.000  -14.000  -7.000 0.0000000000
-1  26.000  -13.000  3.000 0.0000000000
-1  25.000  -13.000  3.000 0.0000000000
-1  27.000  -13.000  2.000 0.0000000000
-1  26.000  -13.000  2.000 0.0000000000
-1  25.000  -13.000  2.000 0.0000000000
-1  24.000  -13.000  2.000 0.0000000000
-1  27.000  -13.000  1.000 0.0000000000
-1  26.000  -13.000  1.000 0.0000000000
-1  25.000  -13.000  1.000 0.0000000000
-1  24.000  -13.000  1.000 0.0000000000
-1  27.000  -13.000  0.000 0.0000000000
-1  26.000  -13.000  0.000 0.0000000000
-1  25.000  -13.000  0.000 0.0000000000
-1  24.000  -13.000  0.000 0.0000000000
-1  28.000  -13.000  -1.000 0.0000000000
-1  27.000  -13.000  -1.000 0.0000000000
-1  26.000  -13.000  -1.000 0.0000000000
-1  25.000  -13.000  -1.000 0.0000000000
-1  24.000  -13.000  -1.000 0.0000000000
-1  28.000  -13.000  -2.000 0.0000000000
-1  27.000  -13.000  -2.000 0.0000000000
-1  26.000  -13.000  -2.000 0.0000000000
-1  25.000  -13.000  -2.000 0.0000000000
-1  24.000  -13.000  -2.000 0.0000000000
-1  23.000  -13.000  -2.000 0.0000000000
-1  28.000  -13.000  -3.000 0.0000000000
-1  27.000  -13.000  -3.000 0.0000000000
-1  26.000  -13.000  -3.000 0.0000000000
-1  25.000  -13.000  -3.000 0.0000000000
-1  24.000  -13.000  -3.000 0.0000000000
-1  28.000  -13.000  -4.000 0.0000000000
-1  27.000  -13.000  -4.000 0.0000000000
-1  26.000  -13.000  -4.000 0.0000000000
-1  25.000  -13.000  -4.000 0.0000000000
-1  24.000  -13.000  -4.000 0.0000000000
-1  23.000  -13.000  -4.000 0.0000000000
-1  28.000  -13.000  -5.000 0.0000000000
-1  27.000  -13.000  -5.000 0.0000000000
-1  26.000  -13.000  -5.000 0.0000000000
-1  25.000  -13.000  -5.000 0.0000000000
-1  24.000  -13.000  -5.000 0.0000000000
-1  23.000  -13.000  -5.000 0.0000000000
-1  28.000  -13.000  -6.000 0.0000000000
-1  27.000  -13.000  -6.000 0.0000000000
-1  26.000  -13.000  -6.000 0.0000000000
-1  25.000  -13.000  -6.000 0.0000000000
-1  24.000  -13.000  -6.000 0.0000000000
-1  27.000  -13.000  -7.000 0.0000000000
-1  26.000  -13.000  -7.000 0.0000000000
-1  25.000  -13.000  -7.000 0.0000000000
-1  26.000  -12.000  4.000 0.0000000000
-1  25.000  -12.000  4.000 0.0000000000
-1  26.000  -12.000  3.000 0.0000000000
-1  25.000  -12.000  3.000 0.0000000000
-1  27.000  -12.000  2.000 0.0000000000
-1  26.000  -12.000  2.000 0.0000000000
-1  25.000  -12.000  2.000 0.0000000000
-1  27.000  -12.000  1.000 0.0000000000
-1  26.000  -12.000  1.000 0.0000000000
-1  25.000  -12.000  1.000 0.0000000000
-1  24.000  -12.000  1.000 0.0000000000
-1  27.000  -12.000  0.000 0.0000000000
-1  26.000  -12.000  0.000 0.0000000000
-1  25.000  -12.000  0.000 0.0000000000
-1  24.000  -12.000  0.000 0.0000000000
-1  23.000  -12.000  0.000 0.0000000000
-1  28.000  -12.000  -1.000 0.0000000000
-1  27.000  -12.000  -1.000 0.0000000000
-1  26.000  -12.000  -1.000 0.0000000000
-1  25.000  -12.000  -1.000 0.0000000000
-1  24.000  -12.000  -1.000 0.0000000000
-1  23.000  -12.000  -1.000 0.0000000000
-1  28.000  -12.000  -2.000 0.0000000000
-1  27.000  -12.000  -2.000 0.0000000000
-1  26.000  -12.000  -2.000 0.0000000000
-1  25.000  -12.000  -2.000 0.0000000000
-1  24.000  -12.000  -2.000 0.0000000000
-1  23.000  -12.000  -2.000 0.0000000000
-1  28.000  -12.000  -3.000 0.0000000000
-1  27.000  -12.000  -3.000 0.0000000000
-1  26.000  -12.000  -3.000 0.0000000000
-1  25.000  -12.000  -3.000 0.0000000000
-1  24.000  -12.000  -3.000 0.0000000000
-1  23.000  -12.000  -3.000 0.0000000000
-1  28.000  -12.000  -4.000 0.0000000000
-1  27.000  -12.000  -4.000 0.0000000000
-1  26.000  -12.000  -4.000 0.0000000000
-1  25.000  -12.000  -4.000 0.0000000000
-1  24.000  -12.000  -4.000 0.0000000000
-1  23.000  -12.000  -4.000 0.0000000000
-1  22.000  -12.000  -4.000 0.0000000000
-1  28.000  -12.000  -5.000 0.0000000000
-1  27.000  -12.000  -5.000 0.0000000000
-1  26.000  -12.000  -5.000 0.0000000000
-1  25.000  -12.000  -5.000 0.0000000000
-1  24.000  -12.000  -5.000 0.0000000000
-1  23.000  -12.000  -5.000 0.0000000000
-1  22.000  -12.000  -5.000 0.0000000000
-1  28.000  -12.000  -6.000 0.0000000000
-1  27.000  -12.000  -6.000 0.0000000000
-1  26.000  -12.000  -6.000 0.0000000000
-1  25.000  -12.000  -6.000 0.0000000000
-1  24.000  -12.000  -6.000 0.0000000000
-1  23.000  -12.000  -6.000 0.0000000000
-1  26.000  -12.000  -7.000 0.0000000000
-1  25.000  -12.000  -7.000 0.0000000000
-1  26.000  -11.000  5.000 0.0000000000
-1  25.000  -11.000  5.000 0.0000000000
-1  26.000  -11.000  4.000 0.0000000000
-1  25.000  -11.000  4.000 0.0000000000
-1  27.000  -11.000  3.000 0.0000000000
-1  26.000  -11.000  3.000 0.0000000000
-1  25.000  -11.000  3.000 0.0000000000
-1  24.000  -11.000  3.000 0.0000000000
-1  27.000  -11.000  2.000 0.0000000000
-1  26.000  -11.000  2.000 0.0000000000
-1  25.000  -11.000  2.000 0.0000000000
-1  24.000  -11.000  2.000 0.0000000000
-1  23.000  -11.000  2.000 0.0000000000
-1  27.000  -11.000  1.000 0.0000000000
-1  26.000  -11.000  1.000 0.0000000000
-1  25.000  -11.000  1.000 0.0000000000
-1  24.000  -11.000  1.000 0.0000000000
-1  23.000  -11.000  1.000 0.0000000000
-1  27.000  -11.000  0.000 0.0000000000
-1  26.000  -11.000  0.000 0.0000000000
-1  25.000  -11.000  0.000 0.0000000000
-1  24.000  -11.000  0.000 0.0000000000
-1  23.000  -11.000  0.000 0.0000000000
-1  22.000  -11.000  0.000 0.0000000000
-1  28.000  -11.000  -1.000 0.0000000000
-1  27.000  -11.000  -1.000 0.0000000000
-1  26.000  -11.000  -1.000 0.0000000000
-1  25.000  -11.000  -1.000 0.0000000000
-1  24.000  -11.000  -1.000 0.0000000000
-1  23.000  -11.000  -1.000 0.0000000000
-1  22.000  -11.000  -1.000 0.0000000000
-1  28.000  -11.000  -2.000 0.0000000000
-1  27.000  -11.000  -2.000 0.0000000000
-1  26.000  -11.000  -2.000 0.0000000000
-1  25.000  -11.000  -2.000 0.0000000000
-1  24.000  -11.000  -2.000 0.0000000000
-1  23.000  -11.000  -2.000 0.0000000000
-1  22.000  -11.000  -2.000 0.0000000000
-1  28.000  -11.000  -3.000 0.0000000000
-1  27.000  -11.000  -3.000 0.0000000000
-1  26.000  -11.000  -3.000 0.0000000000
-1  25.000  -11.000  -3.000 0.0000000000
-1  24.000  -11.000  -3.000 0.0000000000
-1  23.000  -11.000  -3.000 0.0000000000
-1  22.000  -11.000  -3.000 0.0000000000
-1  28.000  -11.000  -4.000 0.0000000000
-1  27.000  -11.000  -4.000 0.0000000000
-1  26.000  -11.000  -4.000 0.0000000000
-1  25.000  -11.000  -4.000 0.0000000000
-1  24.000  -11.000  -4.000 0.0000000000
-1  23.000  -11.000  -4.000 0.0000000000
-1  22.000  -11.000  -4.000 0.0000000000
-1  28.000  -11.000  -5.000 0.0000000000
-1  27.000  -11.000  -5.000 0.0000000000
-1  26.000  -11.000  -5.000 0.0000000000
-1  25.000  -11.000  -5.000 0.0000000000
-1  24.000  -11.000  -5.000 0.0000000000
-1  23.000  -11.000  -5.000 0.0000000000
-1  22.000  -11.000  -5.000 0.0000000000
-1  28.000  -11.000  -6.000 0.0000000000
-1  27.000  -11.000  -6.000 0.0000000000
-1  26.000  -11.000  -6.000 0.0000000000
-1  25.000  -11.000  -6.000 0.0000000000
-1  24.000  -11.000  -6.000 0.0000000000
-1  23.000  -11.000  -6.000 0.0000000000
-1  22.000  -11.000  -6.000 0.0000000000
-1  27.000  -11.000  -7.000 0.0000000000
-1  26.000  -11.000  -7.000 0.0000000000
-1  25.000  -11.000  -7.000 0.0000000000
-1  24.000  -11.000  -7.000 0.0000000000
-1  25.000  -10.000  5.000 0.0000000000
-1  24.000  -10.000  5.000 0.0000000000
-1  26.000  -10.000  4.000 0.0000000000
-1  25.000  -10.000  4.000 0.0000000000
-1  24.000  -10.000  4.000 0.0000000000
-1  27.000  -10.000  3.000 0.0000000000
-1  26.000  -10.000  3.000 0.0000000000
-1  25.000  -10.000  3.000 0.0000000000
-1  24.000  -10.000  3.000 0.0000000000
-1  23.000  -10.000  3.000 0.0000000000
-1  27.000  -10.000  2.000 0.0000000000
-1  26.000  -10.000  2.000 0.0000000000
-1  25.000  -10.000  2.000 0.0000000000
-1  24.000  -10.000  2.000 0.0000000000
-1  23.000  -10.000  2.000 0.0000000000
-1  27.000  -10.000  1.000 0.0000000000
-1  26.000  -10.000  1.000 0.0000000000
-1  25.000  -10.000  1.000 0.0000000000
-1  24.000  -10.000  1.000 0.0000000000
-1  23.000  -10.000  1.000 0.0000000000
-1  27.000  -10.000  0.000 0.0000000000
-1  26.000  -10.000  0.000 0.0000000000
-1  25.000  -10.000  0.000 0.0000000000
-1  24.000  -10.000  0.000 0.0000000000
-1  23.000  -10.000  0.000 0.0000000000
-1  22.000  -10.000  0.000 0.0000000000
-1  28.000  -10.000  -1.000 0.0000000000
-1  27.000  -10.000  -1.000 0.0000000000
-1  26.000  -10.000  -1.000 0.0000000000
-1  25.000  -10.000  -1.000 0.0000000000
-1  24.000  -10.000  -1.000 0.0000000000
-1  23.000  -10.000  -1.000 0.0000000000
-1  22.000  -10.000  -1.000 0.0000000000
-1  21.000  -10.000  -1.000 0.0000000000
-1  28.000  -10.000  -2.000 0.0000000000
-1  27.000  -10.000  -2.000 0.0000000000
-1  26.000  -10.000  -2.000 0.0000000000
-1  25.000  -10.000  -2.000 0.0000000000
-1  24.000  -10.000  -2.000 0.0000000000
-1  23.000  -10.000  -2.000 0.0000000000
-1  22.000  -10.000  -2.000 0.0000000000
-1  21.000  -10.000  -2.000 0.0000000000
-1  28.000  -10.000  -3.000 0.0000000000
-1  27.000  -10.000  -3.000 0.0000000000
-1  26.000  -10.000  -3.000 0.0000000000
-1  25.000  -10.000  -3.000 0.0000000000
-1  24.000  -10.000  -3.000 0.0000000000
-1  23.000  -10.000  -3.000 0.0000000000
-1  22.000  -10.000  -3.000 0.0000000000
-1  21.000  -10.000  -3.000 0.0000000000
-1  28.000  -10.000  -4.000 0.0000000000
-1  27.000  -10.000  -4.000 0.0000000000
-1  26.000  -10.000  -4.000 0.0000000000
-1  25.000  -10.000  -4.000 0.0000000000
-1  24.000  -10.000  -4.000 0.0000000000
-1  23.000  -10.000  -4.000 0.0000000000
-1  22.000  -10.000  -4.000 0.0000000000
-1  21.000  -10.000  -4.000 0.0000000000
-1  28.000  -10.000  -5.000 0.0000000000
-1  27.000  -10.000  -5.000 0.0000000000
-1  26.000  -10.000  -5.000 0.0000000000
-1  25.000  -10.000  -5.000 0.0000000000
-1  24.000  -10.000  -5.000 0.0000000000
-1  23.000  -10.000  -5.000 0.0000000000
-1  22.000  -10.000  -5.000 0.0000000000
-1  21.000  -10.000  -5.000 0.0000000000
-1  28.000  -10.000  -6.000 0.0000000000
-1  27.000  -10.000  -6.000 0.0000000000
-1  26.000  -10.000  -6.000 0.0000000000
-1  25.000  -10.000  -6.000 0.0000000000
-1  24.000  -10.000  -6.000 0.0000000000
-1  23.000  -10.000  -6.000 0.0000000000
-1  22.000  -10.000  -6.000 0.0000000000
-1  21.000  -10.000  -6.000 0.0000000000
-1  28.000  -10.000  -7.000 0.0000000000
-1  27.000  -10.000  -7.000 0.0000000000
-1  26.000  -10.000  -7.000 0.0000000000
-1  25.000  -10.000  -7.000 0.0000000000
-1  24.000  -10.000  -7.000 0.0000000000
-1  23.000  -10.000  -7.000 0.0000000000
-1  25.000  -9.000  5.000 0.0000000000
-1  24.000  -9.000  5.000 0.0000000000
-1  26.000  -9.000  4.000 0.0000000000
-1  25.000  -9.000  4.000 0.0000000000
-1  24.000  -9.000  4.000 0.0000000000
-1  27.000  -9.000  3.000 0.0000000000
-1  26.000  -9.000  3.000 0.0000000000
-1  25.000  -9.000  3.000 0.0000000000
-1  24.000  -9.000  3.000 0.0000000000
-1  23.000  -9.000  3.000 0.0000000000
-1  27.000  -9.000  2.000 0.0000000000
-1  26.000  -9.000  2.000 0.0000000000
-1  25.000  -9.000  2.000 0.0000000000
-1  24.000  -9.000  2.000 0.0000000000
-1  23.000  -9.000  2.000 0.0000000000
-1  22.000  -9.000  2.000 0.0000000000
-1  27.000  -9.000  1.000 0.0000000000
-1  26.000  -9.000  1.000 0.0000000000
-1  25.000  -9.000  1.000 0.0000000000
-1  24.000  -9.000  1.000 0.0000000000
-1  23.000  -9.000  1.000 0.0000000000
-1  22.000  -9.000  1.000 0.0000000000
-1  27.000  -9.000  0.000 0.0000000000
-1  26.000  -9.000  0.000 0.0000000000
-1  25.000  -9.000  0.000 0.0000000000
-1  24.000  -9.000  0.000 0.0000000000
-1  23.000  -9.000  0.000 0.0000000000
-1  22.000  -9.000  0.000 0.0000000000
-1  21.000  -9.000  0.000 0.0000000000
-1  28.000  -9.000  -1.000 0.0000000000
-1  27.000  -9.000  -1.000 0.0000000000
-1  26.000  -9.000  -1.000 0.0000000000
-1  25.000  -9.000  -1.000 0.0000000000
-1  24.000  -9.000  -1.000 0.0000000000
-1  23.000  -9.000  -1.000 0.0000000000
-1  22.000  -9.000  -1.000 0.0000000000
-1  21.000  -9.000  -1.000 0.0000000000
-1  28.000  -9.000  -2.000 0.0000000000
-1  27.000  -9.000  -2.000 0.0000000000
-1  26.000  -9.000  -2.000 0.0000000000
-1  25.000  -9.000  -2.000 0.0000000000
-1  24.000  -9.000  -2.000 0.0000000000
-1  23.000  -9.000  -2.000 0.0000000000
-1  22.000  -9.000  -2.000 0.0000000000
-1  21.000  -9.000  -2.000 0.0000000000
-1  28.000  -9.000  -3.000 0.0000000000
-1  27.000  -9.000  -3.000 0.0000000000
-1  26.000  -9.000  -3.000 0.0000000000
-1  25.000  -9.000  -3.000 0.0000000000
-1  24.000  -9.000  -3.000 0.0000000000
-1  23.000  -9.000  -3.000 0.0000000000
-1  22.000  -9.000  -3.000 0.0000000000
-1  21.000  -9.000  -3.000 0.0000000000
-1  28.000  -9.000  -4.000 0.0000000000
-1  27.000  -9.000  -4.000 0.0000000000
-1  26.000  -9.000  -4.000 0.0000000000
-1  25.000  -9.000  -4.000 0.0000000000
-1  24.000  -9.000  -4.000 0.0000000000
-1  23.000  -9.000  -4.000 0.0000000000
-1  22.000  -9.000  -4.000 0.0000000000
-1  21.000  -9.000  -4.000 0.0000000000
-1  28.000  -9.000  -5.000 0.0000000000
-1  27.000  -9.000  -5.000 0.0000000000
-1  26.000  -9.000  -5.000 0.0000000000
-1  25.000  -9.000  -5.000 0.0000000000
-1  24.000  -9.000  -5.000 0.0000000000
-1  23.000  -9.000  -5.000 0.0000000000
-1  22.000  -9.000  -5.000 0.0000000000
-1  21.000  -9.000  -5.000 0.0000000000
-1  28.000  -9.000  -6.000 0.0000000000
-1  27.000  -9.000  -6.000 0.0000000000
-1  26.000  -9.000  -6.000 0.0000000000
-1  25.000  -9.000  -6.000 0.0000000000
-1  24.000  -9.000  -6.000 0.0000000000
-1  23.000  -9.000  -6.000 0.0000000000
-1  22.000  -9.000  -6.000 0.0000000000
-1  21.000  -9.000  -6.000 0.0000000000
-1  27.000  -9.000  -7.000 0.0000000000
-1  26.000  -9.000  -7.000 0.0000000000
-1  25.000  -9.000  -7.000 0.0000000000
-1  24.000  -9.000  -7.000 0.0000000000
-1  23.000  -9.000  -7.000 0.0000000000
-1  22.000  -9.000  -7.000 0.0000000000
-1  25.000  -8.000  6.000 0.0000000000
-1  25.000  -8.000  5.000 0.0000000000
-1  24.000  -8.000  5.000 0.0000000000
-1  25.000  -8.000  4.000 0.0000000000
-1  24.000  -8.000  4.000 0.0000000000
-1  23.000  -8.000  4.000 0.0000000000
-1  22.000  -8.000  4.000 0.0000000000
-1  26.000  -8.000  3.000 0.0000000000
-1  25.000  -8.000  3.000 0.0000000000
-1  24.000  -8.000  3.000 0.0000000000
-1  23.000  -8.000  3.000 0.0000000000
-1  22.000  -8.000  3.000 0.0000000000
-1  26.000  -8.000  2.000 0.0000000000
-1  25.000  -8.000  2.000 0.0000000000
-1  24.000  -8.000  2.000 0.0000000000
-1  23.000  -8.000  2.000 0.0000000000
-1  22.000  -8.000  2.000 0.0000000000
-1  27.000  -8.000  1.000 0.0000000000
-1  26.000  -8.000  1.000 0.0000000000
-1  25.000  -8.000  1.000 0.0000000000
-1  24.000  -8.000  1.000 0.0000000000
-1  23.000  -8.000  1.000 0.0000000000
-1  22.000  -8.000  1.000 0.0000000000
-1  21.000  -8.000  1.000 0.0000000000
-1  27.000  -8.000  0.000 0.0000000000
-1  26.000  -8.000  0.000 0.0000000000
-1  25.000  -8.000  0.000 0.0000000000
-1  24.000  -8.000  0.000 0.0000000000
-1  23.000  -8.000  0.000 0.0000000000
-1  22.000  -8.000  0.000 0.0000000000
-1  21.000  -8.000  0.000 0.0000000000
-1  20.000  -8.000  0.000 0.0000000000
-1  28.000  -8.000  -1.000 0.0000000000
-1  27.000  -8.000  -1.000 0.0000000000
-1  26.000  -8.000  -1.000 0.0000000000
-1  25.000  -8.000  -1.000 0.0000000000
-1  24.000  -8.000  -1.000 0.0000000000
-1  23.000  -8.000  -1.000 0.0000000000
-1  22.000  -8.000  -1.000 0.0000000000
-1  21.000  -8.000  -1.000 0.0000000000
-1  20.000  -8.000  -1.000 0.0000000000
-1  28.000  -8.000  -2.000 0.0000000000
-1  27.000  -8.000  -2.000 0.0000000000
-1  26.000  -8.000  -2.000 0.0000000000
-1  25.000  -8.000  -2.000 0.0000000000
-1  24.000  -8.000  -2.000 0.0000000000
-1  23.000  -8.000  -2.000 0.0000000000
-1  22.000  -8.000  -2.000 0.0000000000
-1  21.000  -8.000  -2.000 0.0000000000
-1  20.000  -8.000  -2.000 0.0000000000
-1  28.000  -8.000  -3.000 0.0000000000
-1  27.000  -8.000  -3.000 0.0000000000
-1  26.000  -8.000  -3.000 0.0000000000
-1  25.000  -8.000  -3.000 0.0000000000
-1  24.000  -8.000  -3.000 0.0000000000
-1  23.000  -8.000  -3.000 0.0000000000
-1  22.000  -8.000  -3.000 0.0000000000
-1  21.000  -8.000  -3.000 0.0000000000
-1  20.000  -8.000  -3.000 0.0000000000
-1  28.000  -8.000  -4.000 0.0000000000
-1  27.000  -8.000  -4.000 0.0000000000
-1  26.000  -8.000  -4.000 0.0000000000
-1  25.000  -8.000  -4.000 0.0000000000
-1  24.000  -8.000  -4.000 0.0000000000
-1  23.000  -8.000  -4.000 0.0000000000
-1  22.000  -8.000  -4.000 0.0000000000
-1  21.000  -8.000  -4.000 0.0000000000
-1  20.000  -8.000  -4.000 0.0000000000
-1  19.000  -8.000  -4.000 0.0000000000
-1  28.000  -8.000  -5.000 0.0000000000
-1  27.000  -8.000  -5.000 0.0000000000
-1  26.000  -8.000  -5.000 0.0000000000
-1  25.000  -8.000  -5.000 0.0000000000
-1  24.000  -8.000  -5.000 0.0000000000
-1  23.000  -8.000  -5.000 0.0000000000
-1  22.000  -8.000  -5.000 0.0000000000
-1  21.000  -8.000  -5.000 0.0000000000
-1  20.000  -8.000  -5.000 0.0000000000
-1  27.000  -8.000  -6.000 0.0000000000
-1  26.000  -8.000  -6.000 0.0000000000
-1  25.000  -8.000  -6.000 0.0000000000
-1  24.000  -8.000  -6.000 0.0000000000
-1  23.000  -8.000  -6.000 0.0000000000
-1  22.000  -8.000  -6.000 0.0000000000
-1  21.000  -8.000  -6.000 0.0000000000
-1  20.000  -8.000  -6.000 0.0000000000
-1  27.000  -8.000  -7.000 0.0000000000
-1  26.000  -8.000  -7.000 0.0000000000
-1  25.000  -8.000  -7.000 0.0000000000
-1  24.000  -8.000  -7.000 0.0000000000
-1  23.000  -8.000  -7.000 0.0000000000
-1  22.000  -8.000  -7.000 0.0000000000
-1  21.000  -8.000  -7.000 0.0000000000
-1  24.000  -7.000  5.000 0.0000000000
-1  23.000  -7.000  5.000 0.0000000000
-1  22.000  -7.000  5.000 0.0000000000
-1  25.000  -7.000  4.000 0.0000000000
-1  24.000  -7.000  4.000 0.0000000000
-1  23.000  -7.000  4.000 0.0000000000
-1  22.000  -7.000  4.000 0.0000000000
-1  26.000  -7.000  3.000 0.0000000000
-1  25.000  -7.000  3.000 0.0000000000
-1  24.000  -7.000  3.000 0.0000000000
-1  23.000  -7.000  3.000 0.0000000000
-1  22.000  -7.000  3.000 0.0000000000
-1  21.000  -7.000  3.000 0.0000000000
-1  26.000  -7.000  2.000 0.0000000000
-1  25.000  -7.000  2.000 0.0000000000
-1  24.000  -7.000  2.000 0.0000000000
-1  23.000  -7.000  2.000 0.0000000000
-1  22.000  -7.000  2.000 0.0000000000
-1  21.000  -7.000  2.000 0.0000000000
-1  20.000  -7.000  2.000 0.0000000000
-1  27.000  -7.000  1.000 0.0000000000
-1  26.000  -7.000  1.000 0.0000000000
-1  25.000  -7.000  1.000 0.0000000000
-1  24.000  -7.000  1.000 0.0000000000
-1  23.000  -7.000  1.000 0.0000000000
-1  22.000  -7.000  1.000 0.0000000000
-1  21.000  -7.000  1.000 0.0000000000
-1  20.000  -7.000  1.000 0.0000000000
-1  27.000  -7.000  0.000 0.0000000000
-1  26.000  -7.000  0.000 0.0000000000
-1  25.000  -7.000  0.000 0.0000000000
-1  24.000  -7.000  0.000 0.0000000000
-1  23.000  -7.000  0.000 0.0000000000
-1  22.000  -7.000  0.000 0.0000000000
-1  21.000  -7.000  0.000 0.0000000000
-1  20.000  -7.000  0.000 0.0000000000
-1  19.000  -7.000  0.000 0.0000000000
-1  27.000  -7.000  -1.000 0.0000000000
-1  26.000  -7.000  -1.000 0.0000000000
-1  25.000  -7.000  -1.000 0.0000000000
-1  24.000  -7.000  -1.000 0.0000000000
-1  23.000  -7.000  -1.000 0.0000000000
-1  22.000  -7.000  -1.000 0.0000000000
-1  21.000  -7.000  -1.000 0.0000000000
-1  20.000  -7.000  -1.000 0.0000000000
-1  19.000  -7.000  -1.000 0.0000000000
-1  28.000  -7.000  -2.000 0.0000000000
-1  27.000  -7.000  -2.000 0.0000000000
-1  26.000  -7.000  -2.000 0.0000000000
-1  25.000  -7.000  -2.000 0.0000000000
-1  24.000  -7.000  -2.000 0.0000000000
-1  23.000  -7.000  -2.000 0.0000000000
-1  22.000  -7.000  -2.000 0.0000000000
-1  21.000  -7.000  -2.000 0.0000000000
-1  20.000  -7.000  -2.000 0.0000000000
-1  19.000  -7.000  -2.000 0.0000000000
-1  28.000  -7.000  -3.000 0.0000000000
-1  27.000  -7.000  -3.000 0.0000000000
-1  26.000  -7.000  -3.000 0.0000000000
-1  25.000  -7.000  -3.000 0.0000000000
-1  24.000  -7.000  -3.000 0.0000000000
-1  23.000  -7.000  -3.000 0.0000000000
-1  22.000  -7.000  -3.000 0.0000000000
-1  21.000  -7.000  -3.000 0.0000000000
-1  20.000  -7.000  -3.000 0.0000000000
-1  19.000  -7.000  -3.000 0.0000000000
-1  18.000  -7.000  -3.000 0.0000000000
-1  28.000  -7.000  -4.000 0.0000000000
-1  27.000  -7.000  -4.000 0.0000000000
-1  26.000  -7.000  -4.000 0.0000000000
-1  25.000  -7.000  -4.000 0.0000000000
-1  24.000  -7.000  -4.000 0.0000000000
-1  23.000  -7.000  -4.000 0.0000000000
-1  22.000  -7.000  -4.000 0.0000000000
-1  21.000  -7.000  -4.000 0.0000000000
-1  20.000  -7.000  -4.000 0.0000000000
-1  19.000  -7.000  -4.000 0.0000000000
-1  18.000  -7.000  -4.000 0.0000000000
-1  27.000  -7.000  -5.000 0.0000000000
-1  26.000  -7.000  -5.000 0.0000000000
-1  25.000  -7.000  -5.000 0.0000000000
-1  24.000  -7.000  -5.000 0.0000000000
-1  23.000  -7.000  -5.000 0.0000000000
-1  22.000  -7.000  -5.000 0.0000000000
-1  21.000  -7.000  -5.000 0.0000000000
-1  20.000  -7.000  -5.000 0.0000000000
-1  19.000  -7.000  -5.000 0.0000000000
-1  18.000  -7.000  -5.000 0.0000000000
-1  26.000  -7.000  -6.000 0.0000000000
-1  25.000  -7.000  -6.000 0.0000000000
-1  24.000  -7.000  -6.000 0.0000000000
-1  23.000  -7.000  -6.000 0.0000000000
-1  22.000  -7.000  -6.000 0.0000000000
-1  21.000  -7.000  -6.000 0.0000000000
-1  20.000  -7.000  -6.000 0.0000000000
-1  19.000  -7.000  -6.000 0.0000000000
-1  18.000  -7.000  -6.000 0.0000000000
-1  26.000  -7.000  -7.000 0.0000000000
-1  25.000  -7.000  -7.000 0.0000000000
-1  24.000  -7.000  -7.000 0.0000000000
-1  23.000  -7.000  -7.000 0.0000000000
-1  22.000  -7.000  -7.000 0.0000000000
-1  21.000  -7.000  -7.000 0.0000000000
-1  20.000  -7.000  -7.000 0.0000000000
-1  19.000  -7.000  -7.000 0.0000000000
-1  18.000  -7.000  -7.000 0.0000000000
-1  24.000  -6.000  5.000 0.0000000000
-1  23.000  -6.000  5.000 0.0000000000
-1  22.000  -6.000  5.000 0.0000000000
-1  21.000  -6.000  5.000 0.0000000000
-1  24.000  -6.000  4.000 0.0000000000
-1  23.000  -6.000  4.000 0.0000000000
-1  22.000  -6.000  4.000 0.0000000000
-1  21.000  -6.000  4.000 0.0000000000
-1  25.000  -6.000  3.000 0.0000000000
-1  24.000  -6.000  3.000 0.0000000000
-1  23.000  -6.000  3.000 0.0000000000
-1  22.000  -6.000  3.000 0.0000000000
-1  21.000  -6.000  3.000 0.0000000000
-1  20.000  -6.000  3.000 0.0000000000
-1  26.000  -6.000  2.000 0.0000000000
-1  25.000  -6.000  2.000 0.0000000000
-1  24.000  -6.000  2.000 0.0000000000
-1  23.000  -6.000  2.000 0.0000000000
-1  22.000  -6.000  2.000 0.0000000000
-1  21.000  -6.000  2.000 0.0000000000
-1  20.000  -6.000  2.000 0.0000000000
-1  26.000  -6.000  1.000 0.0000000000
-1  25.000  -6.000  1.000 0.0000000000
-1  24.000  -6.000  1.000 0.0000000000
-1  23.000  -6.000  1.000 0.0000000000
-1  22.000  -6.000  1.000 0.0000000000
-1  21.000  -6.000  1.000 0.0000000000
-1  20.000  -6.000  1.000 0.0000000000
-1  19.000  -6.000  1.000 0.0000000000
-1  27.000  -6.000  0.000 0.0000000000
-1  26.000  -6.000  0.000 0.0000000000
-1  25.000  -6.000  0.000 0.0000000000
-1  24.000  -6.000  0.000 0.0000000000
-1  23.000  -6.000  0.000 0.0000000000
-1  22.000  -6.000  0.000 0.0000000000
-1  21.000  -6.000  0.000 0.0000000000
-1  20.000  -6.000  0.000 0.0000000000
-1  19.000  -6.000  0.000 0.0000000000
-1  18.000  -6.000  0.000 0.0000000000
-1  17.000  -6.000  0.000 0.0000000000
-1  27.000  -6.000  -1.000 0.0000000000
-1  26.000  -6.000  -1.000 0.0000000000
-1  25.000  -6.000  -1.000 0.0000000000
-1  24.000  -6.000  -1.000 0.0000000000
-1  23.000  -6.000  -1.000 0.0000000000
-1  22.000  -6.000  -1.000 0.0000000000
-1  21.000  -6.000  -1.000 0.0000000000
-1  20.000  -6.000  -1.000 0.0000000000
-1  19.000  -6.000  -1.000 0.0000000000
-1  18.000  -6.000  -1.000 0.0000000000
-1  28.000  -6.000  -2.000 0.0000000000
-1  27.000  -6.000  -2.000 0.0000000000
-1  26.000  -6.000  -2.000 0.0000000000
-1  25.000  -6.000  -2.000 0.0000000000
-1  24.000  -6.000  -2.000 0.0000000000
-1  23.000  -6.000  -2.000 0.0000000000
-1  22.000  -6.000  -2.000 0.0000000000
-1  21.000  -6.000  -2.000 0.0000000000
-1  20.000  -6.000  -2.000 0.0000000000
-1  19.000  -6.000  -2.000 0.0000000000
-1  18.000  -6.000  -2.000 0.0000000000
-1  28.000  -6.000  -3.000 0.0000000000
-1  27.000  -6.000  -3.000 0.0000000000
-1  26.000  -6.000  -3.000 0.0000000000
-1  25.000  -6.000  -3.000 0.0000000000
-1  24.000  -6.000  -3.000 0.0000000000
-1  23.000  -6.000  -3.000 0.0000000000
-1  22.000  -6.000  -3.000 0.0000000000
-1  21.000  -6.000  -3.000 0.0000000000
-1  20.000  -6.000  -3.000 0.0000000000
-1  19.000  -6.000  -3.000 0.0000000000
-1  18.000  -6.000  -3.000 0.0000000000
-1  17.000  -6.000  -3.000 0.0000000000
-1  28.000  -6.000  -4.000 0.0000000000
-1  27.000  -6.000  -4.000 0.0000000000
-1  26.000  -6.000  -4.000 0.0000000000
-1  25.000  -6.000  -4.000 0.0000000000
-1  24.000  -6.000  -4.000 0.0000000000
-1  23.000  -6.000  -4.000 0.0000000000
-1  22.000  -6.000  -4.000 0.0000000000
-1  21.000  -6.000  -4.000 0.0000000000
-1  20.000  -6.000  -4.000 0.0000000000
-1  19.000  -6.000  -4.000 0.0000000000
-1  18.000  -6.000  -4.000 0.0000000000
-1  17.000  -6.000  -4.000 0.0000000000
-1  28.000  -6.000  -5.000 0.0000000000
-1  27.000  -6.000  -5.000 0.0000000000
-1  26.000  -6.000  -5.000 0.0000000000
-1  25.000  -6.000  -5.000 0.0000000000
-1  24.000  -6.000  -5.000 0.0000000000
-1  23.000  -6.000  -5.000 0.0000000000
-1  22.000  -6.000  -5.000 0.0000000000
-1  21.000  -6.000  -5.000 0.0000000000
-1  20.000  -6.000  -5.000 0.0000000000
-1  19.000  -6.000  -5.000 0.0000000000
-1  18.000  -6.000  -5.000 0.0000000000
-1  17.000  -6.000  -5.000 0.0000000000
-1  27.000  -6.000  -6.000 0.0000000000
-1  26.000  -6.000  -6.000 0.0000000000
-1  25.000  -6.000  -6.000 0.0000000000
-1  24.000  -6.000  -6.000 0.0000000000
-1  23.000  -6.000  -6.000 0.0000000000
-1  22.000  -6.000  -6.000 0.0000000000
-1  21.000  -6.000  -6.000 0.0000000000
-1  20.000  -6.000  -6.000 0.0000000000
-1  19.000  -6.000  -6.000 0.0000000000
-1  18.000  -6.000  -6.000 0.0000000000
-1  17.000  -6.000  -6.000 0.0000000000
-1  27.000  -6.000  -7.000 0.0000000000
-1  26.000  -6.000  -7.000 0.0000000000
-1  25.000  -6.000  -7.000 0.0000000000
-1  24.000  -6.000  -7.000 0.0000000000
-1  23.000  -6.000  -7.000 0.0000000000
-1  22.000  -6.000  -7.000 0.0000000000
-1  21.000  -6.000  -7.000 0.0000000000
-1  20.000  -6.000  -7.000 0.0000000000
-1  19.000  -6.000  -7.000 0.0000000000
-1  18.000  -6.000  -7.000 0.0000000000
-1  17.000  -6.000  -7.000 0.0000000000
-1  19.000  -6.000  -8.000 0.0000000000
-1  24.000  -5.000  5.000 0.0000000000
-1  23.000  -5.000  5.000 0.0000000000
-1  22.000  -5.000  5.000 0.0000000000
-1  21.000  -5.000  5.000 0.0000000000
-1  24.000  -5.000  4.000 0.0000000000
-1  23.000  -5.000  4.000 0.0000000000
-1  22.000  -5.000  4.000 0.0000000000
-1  21.000  -5.000  4.000 0.0000000000
-1  20.000  -5.000  4.000 0.0000000000
-1  25.000  -5.000  3.000 0.0000000000
-1  24.000  -5.000  3.000 0.0000000000
-1  23.000  -5.000  3.000 0.0000000000
-1  22.000  -5.000  3.000 0.0000000000
-1  21.000  -5.000  3.000 0.0000000000
-1  20.000  -5.000  3.000 0.0000000000
-1  25.000  -5.000  2.000 0.0000000000
-1  24.000  -5.000  2.000 0.0000000000
-1  23.000  -5.000  2.000 0.0000000000
-1  22.000  -5.000  2.000 0.0000000000
-1  21.000  -5.000  2.000 0.0000000000
-1  20.000  -5.000  2.000 0.0000000000
-1  19.000  -5.000  2.000 0.0000000000
-1  26.000  -5.000  1.000 0.0000000000
-1  25.000  -5.000  1.000 0.0000000000
-1  24.000  -5.000  1.000 0.0000000000
-1  23.000  -5.000  1.000 0.0000000000
-1  22.000  -5.000  1.000 0.0000000000
-1  21.000  -5.000  1.000 0.0000000000
-1  20.000  -5.000  1.000 0.0000000000
-1  19.000  -5.000  1.000 0.0000000000
-1  27.000  -5.000  0.000 0.0000000000
-1  26.000  -5.000  0.000 0.0000000000
-1  25.000  -5.000  0.000 0.0000000000
-1  24.000  -5.000  0.000 0.0000000000
-1  23.000  -5.000  0.000 0.0000000000
-1  22.000  -5.000  0.000 0.0000000000
-1  21.000  -5.000  0.000 0.0000000000
-1  20.000  -5.000  0.000 0.0000000000
-1  19.000  -5.000  0.000 0.0000000000
-1  18.000  -5.000  0.000 0.0000000000
-1  27.000  -5.000  -1.000 0.0000000000
-1  26.000  -5.000  -1.000 0.0000000000
-1  25.000  -5.000  -1.000 0.0000000000
-1  24.000  -5.000  -1.000 0.0000000000
-1  23.000  -5.000  -1.000 0.0000000000
-1  22.000  -5.000  -1.000 0.0000000000
-1  21.000  -5.000  -1.000 0.0000000000
-1  20.000  -5.000  -1.000 0.0000000000
-1  19.000  -5.000  -1.000 0.0000000000
-1  18.000  -5.000  -1.000 0.0000000000
-1  17.000  -5.000  -1.000 0.0000000000
-1  27.000  -5.000  -2.000 0.0000000000
-1  26.000  -5.000  -2.000 0.0000000000
-1  25.000  -5.000  -2.000 0.0000000000
-1  24.000  -5.000  -2.000 0.0000000000
-1  23.000  -5.000  -2.000 0.0000000000
-1  22.000  -5.000  -2.000 0.0000000000
-1  21.000  -5.000  -2.000 0.0000000000
-1  20.000  -5.000  -2.000 0.0000000000
-1  19.000  -5.000  -2.000 0.0000000000
-1  18.000  -5.000  -2.000 0.0000000000
-1  17.000  -5.000  -2.000 0.0000000000
-1  27.000  -5.000  -3.000 0.0000000000
-1  26.000  -5.000  -3.000 0.0000000000
-1  25.000  -5.000  -3.000 0.0000000000
-1  24.000  -5.000  -3.000 0.0000000000
-1  23.000  -5.000  -3.000 0.0000000000
-1  22.000  -5.000  -3.000 0.0000000000
-1  21.000  -5.000  -3.000 0.0000000000
-1  20.000  -5.000  -3.000 0.0000000000
-1  19.000  -5.000  -3.000 0.0000000000
-1  18.000  -5.000  -3.000 0.0000000000
-1  17.000  -5.000  -3.000 0.0000000000
-1  27.000  -5.000  -4.000 0.0000000000
-1  26.000  -5.000  -4.000 0.0000000000
-1  25.000  -5.000  -4.000 0.0000000000
-1  24.000  -5.000  -4.000 0.0000000000
-1  23.000  -5.000  -4.000 0.0000000000
-1  22.000  -5.000  -4.000 0.0000000000
-1  21.000  -5.000  -4.000 0.0000000000
-1  20.000  -5.000  -4.000 0.0000000000
-1  19.000  -5.000  -4.000 0.0000000000
-1  18.000  -5.000  -4.000 0.0000000000
-1  17.000  -5.000  -4.000 0.0000000000
-1  16.000  -5.000  -4.000 0.0000000000
-1  27.000  -5.000  -5.000 0.0000000000
-1  26.000  -5.000  -5.000 0.0000000000
-1  25.000  -5.000  -5.000 0.0000000000
-1  24.000  -5.000  -5.000 0.0000000000
-1  23.000  -5.000  -5.000 0.0000000000
-1  22.000  -5.000  -5.000 0.0000000000
-1  21.000  -5.000  -5.000 0.0000000000
-1  20.000  -5.000  -5.000 0.0000000000
-1  19.000  -5.000  -5.000 0.0000000000
-1  18.000  -5.000  -5.000 0.0000000000
-1  17.000  -5.000  -5.000 0.0000000000
-1  16.000  -5.000  -5.000 0.0000000000
-1  27.000  -5.000  -6.000 0.0000000000
-1  26.000  -5.000  -6.000 0.0000000000
-1  25.000  -5.000  -6.000 0.0000000000
-1  24.000  -5.000  -6.000 0.0000000000
-1  23.000  -5.000  -6.000 0.0000000000
-1  22.000  -5.000  -6.000 0.0000000000
-1  21.000  -5.000  -6.000 0.0000000000
-1  20.000  -5.000  -6.000 0.0000000000
-1  19.000  -5.000  -6.000 0.0000000000
-1  18.000  -5.000  -6.000 0.0000000000
-1  17.000  -5.000  -6.000 0.0000000000
-1  16.000  -5.000  -6.000 0.0000000000
-1  26.000  -5.000  -7.000 0.0000000000
-1  25.000  -5.000  -7.000 0.0000000000
-1  24.000  -5.000  -7.000 0.0000000000
-1  23.000  -5.000  -7.000 0.0000000000
-1  22.000  -5.000  -7.000 0.0000000000
-1  21.000  -5.000  -7.000 0.0000000000
-1  20.000  -5.000  -7.000 0.0000000000
-1  19.000  -5.000  -7.000 0.0000000000
-1  18.000  -5.000  -7.000 0.0000000000
-1  17.000  -5.000  -7.000 0.0000000000
-1  21.000  -5.000  -8.000 0.0000000000
-1  20.000  -5.000  -8.000 0.0000000000
-1  19.000  -5.000  -8.000 0.0000000000
-1  18.000  -5.000  -8.000 0.0000000000
-1  23.000  -4.000  5.000 0.0000000000
-1  22.000  -4.000  5.000 0.0000000000
-1  21.000  -4.000  5.000 0.0000000000
-1  24.000  -4.000  4.000 0.0000000000
-1  23.000  -4.000  4.000 0.0000000000
-1  22.000  -4.000  4.000 0.0000000000
-1  21.000  -4.000  4.000 0.0000000000
-1  20.000  -4.000  4.000 0.0000000000
-1  25.000  -4.000  3.000 0.0000000000
-1  24.000  -4.000  3.000 0.0000000000
-1  23.000  -4.000  3.000 0.0000000000
-1  22.000  -4.000  3.000 0.0000000000
-1  21.000  -4.000  3.000 0.0000000000
-1  20.000  -4.000  3.000 0.0000000000
-1  25.000  -4.000  2.000 0.0000000000
-1  24.000  -4.000  2.000 0.0000000000
-1  23.000  -4.000  2.000 0.0000000000
-1  22.000  -4.000  2.000 0.0000000000
-1  21.000  -4.000  2.000 0.0000000000
-1  20.000  -4.000  2.000 0.0000000000
-1  19.000  -4.000  2.000 0.0000000000
-1  18.000  -4.000  2.000 0.0000000000
-1  26.000  -4.000  1.000 0.0000000000
-1  25.000  -4.000  1.000 0.0000000000
-1  24.000  -4.000  1.000 0.0000000000
-1  23.000  -4.000  1.000 0.0000000000
-1  22.000  -4.000  1.000 0.0000000000
-1  21.000  -4.000  1.000 0.0000000000
-1  20.000  -4.000  1.000 0.0000000000
-1  19.000  -4.000  1.000 0.0000000000
-1  18.000  -4.000  1.000 0.0000000000
-1  26.000  -4.000  0.000 0.0000000000
-1  25.000  -4.000  0.000 0.0000000000
-1  24.000  -4.000  0.000 0.0000000000
-1  23.000  -4.000  0.000 0.0000000000
-1  22.000  -4.000  0.000 0.0000000000
-1  21.000  -4.000  0.000 0.0000000000
-1  20.000  -4.000  0.000 0.0000000000
-1  19.000  -4.000  0.000 0.0000000000
-1  18.000  -4.000  0.000 0.0000000000
-1  17.000  -4.000  0.000 0.0000000000
-1  27.000  -4.000  -1.000 0.0000000000
-1  26.000  -4.000  -1.000 0.0000000000
-1  25.000  -4.000  -1.000 0.0000000000
-1  24.000  -4.000  -1.000 0.0000000000
-1  23.000  -4.000  -1.000 0.0000000000
-1  22.000  -4.000  -1.000 0.0000000000
-1  21.000  -4.000  -1.000 0.0000000000
-1  20.000  -4.000  -1.000 0.0000000000
-1  19.000  -4.000  -1.000 0.0000000000
-1  18.000  -4.000  -1.000 0.0000000000
-1  17.000  -4.000  -1.000 0.0000000000
-1  27.000  -4.000  -2.000 0.0000000000
-1  26.000  -4.000  -2.000 0.0000000000
-1  25.000  -4.000  -2.000 0.0000000000
-1  24.000  -4.000  -2.000 0.0000000000
-1  23.000  -4.000  -2.000 0.0000000000
-1  22.000  -4.000  -2.000 0.0000000000
-1  21.000  -4.000  -2.000 0.0000000000
-1  20.000  -4.000  -2.000 0.0000000000
-1  19.000  -4.000  -2.000 0.0000000000
-1  18.000  -4.000  -2.000 0.0000000000
-1  17.000  -4.000  -2.000 0.0000000000
-1  16.000  -4.000  -2.000 0.0000000000
-1  27.000  -4.000  -3.000 0.0000000000
-1  26.000  -4.000  -3.000 0.0000000000
-1  25.000  -4.000  -3.000 0.0000000000
-1  24.000  -4.000  -3.000 0.0000000000
-1  23.000  -4.000  -3.000 0.0000000000
-1  22.000  -4.000  -3.000 0.0000000000
-1  21.000  -4.000  -3.000 0.0000000000
-1  20.000  -4.000  -3.000 0.0000000000
-1  19.000  -4.000  -3.000 0.0000000000
-1  18.000  -4.000  -3.000 0.0000000000
-1  17.000  -4.000  -3.000 0.0000000000
-1  16.000  -4.000  -3.000 0.0000000000
-1  27.000  -4.000  -4.000 0.0000000000
-1  26.000  -4.000  -4.000 0.0000000000
-1  25.000  -4.000  -4.000 0.0000000000
-1  24.000  -4.000  -4.000 0.0000000000
-1  23.000  -4.000  -4.000 0.0000000000
-1  22.000  -4.000  -4.000 0.0000000000
-1  21.000  -4.000  -4.000 0.0000000000
-1  20.000  -4.000  -4.000 0.0000000000
-1  19.000  -4.000  -4.000 0.0000000000
-1  18.000  -4.000  -4.000 0.0000000000
-1  17.000  -4.000  -4.000 0.0000000000
-1  16.000  -4.000  -4.000 0.0000000000
-1  27.000  -4.000  -5.000 0.0000000000
-1  26.000  -4.000  -5.000 0.0000000000
-1  25.000  -4.000  -5.000 0.0000000000
-1  24.000  -4.000  -5.000 0.0000000000
-1  23.000  -4.000  -5.000 0.0000000000
-1  22.000  -4.000  -5.000 0.0000000000
-1  21.000  -4.000  -5.000 0.0000000000
-1  20.000  -4.000  -5.000 0.0000000000
-1  19.000  -4.000  -5.000 0.0000000000
-1  18.000  -4.000  -5.000 0.0000000000
-1  17.000  -4.000  -5.000 0.0000000000
-1  16.000  -4.000  -5.000 0.0000000000
-1  15.000  -4.000  -5.000 0.0000000000
-1  26.000  -4.000  -6.000 0.0000000000
-1  25.000  -4.000  -6.000 0.0000000000
-1  24.000  -4.000  -6.000 0.0000000000
-1  23.000  -4.000  -6.000 0.0000000000
-1  22.000  -4.000  -6.000 0.0000000000
-1  21.000  -4.000  -6.000 0.0000000000
-1  20.000  -4.000  -6.000 0.0000000000
-1  19.000  -4.000  -6.000 0.0000000000
-1  18.000  -4.000  -6.000 0.0000000000
-1  17.000  -4.000  -6.000 0.0000000000
-1  16.000  -4.000  -6.000 0.0000000000
-1  15.000  -4.000  -6.000 0.0000000000
-1  26.000  -4.000  -7.000 0.0000000000
-1  25.000  -4.000  -7.000 0.0000000000
-1  24.000  -4.000  -7.000 0.0000000000
-1  23.000  -4.000  -7.000 0.0000000000
-1  22.000  -4.000  -7.000 0.0000000000
-1  21.000  -4.000  -7.000 0.0000000000
-1  20.000  -4.000  -7.000 0.0000000000
-1  19.000  -4.000  -7.000 0.0000000000
-1  18.000  -4.000  -7.000 0.0000000000
-1  17.000  -4.000  -7.000 0.0000000000
-1  16.000  -4.000  -7.000 0.0000000000
-1  15.000  -4.000  -7.000 0.0000000000
-1  20.000  -4.000  -8.000 0.0000000000
-1  19.000  -4.000  -8.000 0.0000000000
-1  18.000  -4.000  -8.000 0.0000000000
-1  17.000  -4.000  -8.000 0.0000000000
-1  16.000  -4.000  -8.000 0.0000000000
-1  23.000  -3.000  5.000 0.0000000000
-1  22.000  -3.000  5.000 0.0000000000
-1  24.000  -3.000  4.000 0.0000000000
-1  23.000  -3.000  4.000 0.0000000000
-1  22.000  -3.000  4.000 0.0000000000
-1  21.000  -3.000  4.000 0.0000000000
-1  20.000  -3.000  4.000 0.0000000000
-1  19.000  -3.000  4.000 0.0000000000
-1  24.000  -3.000  3.000 0.0000000000
-1  23.000  -3.000  3.000 0.0000000000
-1  22.000  -3.000  3.000 0.0000000000
-1  21.000  -3.000  3.000 0.0000000000
-1  20.000  -3.000  3.000 0.0000000000
-1  19.000  -3.000  3.000 0.0000000000
-1  18.000  -3.000  3.000 0.0000000000
-1  25.000  -3.000  2.000 0.0000000000
-1  24.000  -3.000  2.000 0.0000000000
-1  23.000  -3.000  2.000 0.0000000000
-1  22.000  -3.000  2.000 0.0000000000
-1  21.000  -3.000  2.000 0.0000000000
-1  20.000  -3.000  2.000 0.0000000000
-1  19.000  -3.000  2.000 0.0000000000
-1  18.000  -3.000  2.000 0.0000000000
-1  25.000  -3.000  1.000 0.0000000000
-1  24.000  -3.000  1.000 0.0000000000
-1  23.000  -3.000  1.000 0.0000000000
-1  22.000  -3.000  1.000 0.0000000000
-1  21.000  -3.000  1.000 0.0000000000
-1  20.000  -3.000  1.000 0.0000000000
-1  19.000  -3.000  1.000 0.0000000000
-1  18.000  -3.000  1.000 0.0000000000
-1  25.000  -3.000  0.000 0.0000000000
-1  24.000  -3.000  0.000 0.0000000000
-1  23.000  -3.000  0.000 0.0000000000
-1  22.000  -3.000  0.000 0.0000000000
-1  21.000  -3.000  0.000 0.0000000000
-1  20.000  -3.000  0.000 0.0000000000
-1  19.000  -3.000  0.000 0.0000000000
-1  18.000  -3.000  0.000 0.0000000000
-1  17.000  -3.000  0.000 0.0000000000
-1  26.000  -3.000  -1.000 0.0000000000
-1  25.000  -3.000  -1.000 0.0000000000
-1  24.000  -3.000  -1.000 0.0000000000
-1  23.000  -3.000  -1.000 0.0000000000
-1  22.000  -3.000  -1.000 0.0000000000
-1  21.000  -3.000  -1.000 0.0000000000
-1  20.000  -3.000  -1.000 0.0000000000
-1  19.000  -3.000  -1.000 0.0000000000
-1  18.000  -3.000  -1.000 0.0000000000
-1  17.000  -3.000  -1.000 0.0000000000
-1  16.000  -3.000  -1.000 0.0000000000
-1  27.000  -3.000  -2.000 0.0000000000
-1  26.000  -3.000  -2.000 0.0000000000
-1  25.000  -3.000  -2.000 0.0000000000
-1  24.000  -3.000  -2.000 0.0000000000
-1  23.000  -3.000  -2.000 0.0000000000
-1  22.000  -3.000  -2.000 0.0000000000
-1  21.000  -3.000  -2.000 0.0000000000
-1  20.000  -3.000  -2.000 0.0000000000
-1  19.000  -3.000  -2.000 0.0000000000
-1  18.000  -3.000  -2.000 0.0000000000
-1  17.000  -3.000  -2.000 0.0000000000
-1  16.000  -3.000  -2.000 0.0000000000
-1  27.000  -3.000  -3.000 0.0000000000
-1  26.000  -3.000  -3.000 0.0000000000
-1  25.000  -3.000  -3.000 0.0000000000
-1  24.000  -3.000  -3.000 0.0000000000
-1  23.000  -3.000  -3.000 0.0000000000
-1  22.000  -3.000  -3.000 0.0000000000
-1  21.000  -3.000  -3.000 0.0000000000
-1  20.000  -3.000  -3.000 0.0000000000
-1  19.000  -3.000  -3.000 0.0000000000
-1  18.000  -3.000  -3.000 0.0000000000
-1  17.000  -3.000  -3.000 0.0000000000
-1  16.000  -3.000  -3.000 0.0000000000
-1  15.000  -3.000  -3.000 0.0000000000
-1  26.000  -3.000  -4.000 0.0000000000
-1  25.000  -3.000  -4.000 0.0000000000
-1  24.000  -3.000  -4.000 0.0000000000
-1  23.000  -3.000  -4.000 0.0000000000
-1  22.000  -3.000  -4.000 0.0000000000
-1  21.000  -3.000  -4.000 0.0000000000
-1  20.000  -3.000  -4.000 0.0000000000
-1  19.000  -3.000  -4.000 0.0000000000
-1  18.000  -3.000  -4.000 0.0000000000
-1  17.000  -3.000  -4.000 0.0000000000
-1  16.000  -3.000  -4.000 0.0000000000
-1  15.000  -3.000  -4.000 0.0000000000
-1  14.000  -3.000  -4.000 0.0000000000
-1  26.000  -3.000  -5.000 0.0000000000
-1  25.000  -3.000  -5.000 0.0000000000
-1  24.000  -3.000  -5.000 0.0000000000
-1  23.000  -3.000  -5.000 0.0000000000
-1  22.000  -3.000  -5.000 0.0000000000
-1  21.000  -3.000  -5.000 0.0000000000
-1  20.000  -3.000  -5.000 0.0000000000
-1  19.000  -3.000  -5.000 0.0000000000
-1  18.000  -3.000  -5.000 0.0000000000
-1  17.000  -3.000  -5.000 0.0000000000
-1  16.000  -3.000  -5.000 0.0000000000
-1  15.000  -3.000  -5.000 0.0000000000
-1  14.000  -3.000  -5.000 0.0000000000
-1  26.000  -3.000  -6.000 0.0000000000
-1  25.000  -3.000  -6.000 0.0000000000
-1  24.000  -3.000  -6.000 0.0000000000
-1  23.000  -3.000  -6.000 0.0000000000
-1  22.000  -3.000  -6.000 0.0000000000
-1  21.000  -3.000  -6.000 0.0000000000
-1  20.000  -3.000  -6.000 0.0000000000
-1  19.000  -3.000  -6.000 0.0000000000
-1  18.000  -3.000  -6.000 0.0000000000
-1  17.000  -3.000  -6.000 0.0000000000
-1  16.000  -3.000  -6.000 0.0000000000
-1  15.000  -3.000  -6.000 0.0000000000
-1  14.000  -3.000  -6.000 0.0000000000
-1  25.000  -3.000  -7.000 0.0000000000
-1  24.000  -3.000  -7.000 0.0000000000
-1  23.000  -3.000  -7.000 0.0000000000
-1  22.000  -3.000  -7.000 0.0000000000
-1  21.000  -3.000  -7.000 0.0000000000
-1  20.000  -3.000  -7.000 0.0000000000
-1  19.000  -3.000  -7.000 0.0000000000
-1  18.000  -3.000  -7.000 0.0000000000
-1  17.000  -3.000  -7.000 0.0000000000
-1  16.000  -3.000  -7.000 0.0000000000
-1  15.000  -3.000  -7.000 0.0000000000
-1  14.000  -3.000  -7.000 0.0000000000
-1  19.000  -3.000  -8.000 0.0000000000
-1  18.000  -3.000  -8.000 0.0000000000
-1  17.000  -3.000  -8.000 0.0000000000
-1  16.000  -3.000  -8.000 0.0000000000
-1  23.000  -2.000  4.000 0.0000000000
-1  22.000  -2.000  4.000 0.0000000000
-1  21.000  -2.000  4.000 0.0000000000
-1  20.000  -2.000  4.000 0.0000000000
-1  19.000  -2.000  4.000 0.0000000000
-1  18.000  -2.000  4.000 0.0000000000
-1  23.000  -2.000  3.000 0.0000000000
-1  22.000  -2.000  3.000 0.0000000000
-1  21.000  -2.000  3.000 0.0000000000
-1  20.000  -2.000  3.000 0.0000000000
-1  19.000  -2.000  3.000 0.0000000000
-1  18.000  -2.000  3.000 0.0000000000
-1  17.000  -2.000  3.000 0.0000000000
-1  24.000  -2.000  2.000 0.0000000000
-1  23.000  -2.000  2.000 0.0000000000
-1  22.000  -2.000  2.000 0.0000000000
-1  21.000  -2.000  2.000 0.0000000000
-1  20.000  -2.000  2.000 0.0000000000
-1  19.000  -2.000  2.000 0.0000000000
-1  18.000  -2.000  2.000 0.0000000000
-1  17.000  -2.000  2.000 0.0000000000
-1  24.000  -2.000  1.000 0.0000000000
-1  23.000  -2.000  1.000 0.0000000000
-1  22.000  -2.000  1.000 0.0000000000
-1  21.000  -2.000  1.000 0.0000000000
-1  20.000  -2.000  1.000 0.0000000000
-1  19.000  -2.000  1.000 0.0000000000
-1  18.000  -2.000  1.000 0.0000000000
-1  17.000  -2.000  1.000 0.0000000000
-1  25.000  -2.000  0.000 0.0000000000
-1  24.000  -2.000  0.000 0.0000000000
-1  23.000  -2.000  0.000 0.0000000000
-1  22.000  -2.000  0.000 0.0000000000
-1  21.000  -2.000  0.000 0.0000000000
-1  20.000  -2.000  0.000 0.0000000000
-1  19.000  -2.000  0.000 0.0000000000
-1  18.000  -2.000  0.000 0.0000000000
-1  17.000  -2.000  0.000 0.0000000000
-1  25.000  -2.000  -1.000 0.0000000000
-1  24.000  -2.000  -1.000 0.0000000000
-1  23.000  -2.000  -1.000 0.0000000000
-1  22.000  -2.000  -1.000 0.0000000000
-1  21.000  -2.000  -1.000 0.0000000000
-1  20.000  -2.000  -1.000 0.0000000000
-1  19.000  -2.000  -1.000 0.0000000000
-1  18.000  -2.000  -1.000 0.0000000000
-1  17.000  -2.000  -1.000 0.0000000000
-1  26.000  -2.000  -2.000 0.0000000000
-1  25.000  -2.000  -2.000 0.0000000000
-1  24.000  -2.000  -2.000 0.0000000000
-1  23.000  -2.000  -2.000 0.0000000000
-1  22.000  -2.000  -2.000 0.0000000000
-1  21.000  -2.000  -2.000 0.0000000000
-1  20.000  -2.000  -2.000 0.0000000000
-1  19.000  -2.000  -2.000 0.0000000000
-1  18.000  -2.000  -2.000 0.0000000000
-1  17.000  -2.000  -2.000 0.0000000000
-1  16.000  -2.000  -2.000 0.0000000000
-1  15.000  -2.000  -2.000 0.0000000000
-1  25.000  -2.000  -3.000 0.0000000000
-1  24.000  -2.000  -3.000 0.0000000000
-1  23.000  -2.000  -3.000 0.0000000000
-1  22.000  -2.000  -3.000 0.0000000000
-1  21.000  -2.000  -3.000 0.0000000000
-1  20.000  -2.000  -3.000 0.0000000000
-1  19.000  -2.000  -3.000 0.0000000000
-1  18.000  -2.000  -3.000 0.0000000000
-1  17.000  -2.000  -3.000 0.0000000000
-1  16.000  -2.000  -3.000 0.0000000000
-1  15.000  -2.000  -3.000 0.0000000000
-1  14.000  -2.000  -3.000 0.0000000000
-1  25.000  -2.000  -4.000 0.0000000000
-1  24.000  -2.000  -4.000 0.0000000000
-1  23.000  -2.000  -4.000 0.0000000000
-1  22.000  -2.000  -4.000 0.0000000000
-1  21.000  -2.000  -4.000 0.0000000000
-1  20.000  -2.000  -4.000 0.0000000000
-1  19.000  -2.000  -4.000 0.0000000000
-1  18.000  -2.000  -4.000 0.0000000000
-1  17.000  -2.000  -4.000 0.0000000000
-1  16.000  -2.000  -4.000 0.0000000000
-1  15.000  -2.000  -4.000 0.0000000000
-1  14.000  -2.000  -4.000 0.0000000000
-1  25.000  -2.000  -5.000 0.0000000000
-1  24.000  -2.000  -5.000 0.0000000000
-1  23.000  -2.000  -5.000 0.0000000000
-1  22.000  -2.000  -5.000 0.0000000000
-1  21.000  -2.000  -5.000 0.0000000000
-1  20.000  -2.000  -5.000 0.0000000000
-1  19.000  -2.000  -5.000 0.0000000000
-1  18.000  -2.000  -5.000 0.0000000000
-1  17.000  -2.000  -5.000 0.0000000000
-1  16.000  -2.000  -5.000 0.0000000000
-1  15.000  -2.000  -5.000 0.0000000000
-1  14.000  -2.000  -5.000 0.0000000000
-1  25.000  -2.000  -6.000 0.0000000000
-1  24.000  -2.000  -6.000 0.0000000000
-1  23.000  -2.000  -6.000 0.0000000000
-1  22.000  -2.000  -6.000 0.0000000000
-1  21.000  -2.000  -6.000 0.0000000000
-1  20.000  -2.000  -6.000 0.0000000000
-1  19.000  -2.000  -6.000 0.0000000000
-1  18.000  -2.000  -6.000 0.0000000000
-1  17.000  -2.000  -6.000 0.0000000000
-1  16.000  -2.000  -6.000 0.0000000000
-1  15.000  -2.000  -6.000 0.0000000000
-1  14.000  -2.000  -6.000 0.0000000000
-1  24.000  -2.000  -7.000 0.0000000000
-1  23.000  -2.000  -7.000 0.0000000000
-1  22.000  -2.000  -7.000 0.0000000000
-1  21.000  -2.000  -7.000 0.0000000000
-1  20.000  -2.000  -7.000 0.0000000000
-1  19.000  -2.000  -7.000 0.0000000000
-1  18.000  -2.000  -7.000 0.0000000000
-1  17.000  -2.000  -7.000 0.0000000000
-1  16.000  -2.000  -7.000 0.0000000000
-1  15.000  -2.000  -7.000 0.0000000000
-1  14.000  -2.000  -7.000 0.0000000000
-1  18.000  -2.000  -8.000 0.0000000000
-1  20.000  -1.000  5.000 0.0000000000
-1  22.000  -1.000  4.000 0.0000000000
-1  21.000  -1.000  4.000 0.0000000000
-1  20.000  -1.000  4.000 0.0000000000
-1  19.000  -1.000  4.000 0.0000000000
-1  23.000  -1.000  3.000 0.0000000000
-1  22.000  -1.000  3.000 0.0000000000
-1  21.000  -1.000  3.000 0.0000000000
-1  20.000  -1.000  3.000 0.0000000000
-1  19.000  -1.000  3.000 0.0000000000
-1  18.000  -1.000  3.000 0.0000000000
-1  17.000  -1.000  3.000 0.0000000000
-1  23.000  -1.000  2.000 0.0000000000
-1  22.000  -1.000  2.000 0.0000000000
-1  21.000  -1.000  2.000 0.0000000000
-1  20.000  -1.000  2.000 0.0000000000
-1  19.000  -1.000  2.000 0.0000000000
-1  18.000  -1.000  2.000 0.0000000000
-1  17.000  -1.000  2.000 0.0000000000
-1  24.000  -1.000  1.000 0.0000000000
-1  23.000  -1.000  1.000 0.0000000000
-1  22.000  -1.000  1.000 0.0000000000
-1  21.000  -1.000  1.000 0.0000000000
-1  20.000  -1.000  1.000 0.0000000000
-1  19.000  -1.000  1.000 0.0000000000
-1  18.000  -1.000  1.000 0.0000000000
-1  17.000  -1.000  1.000 0.0000000000
-1  24.000  -1.000  0.000 0.0000000000
-1  23.000  -1.000  0.000 0.0000000000
-1  22.000  -1.000  0.000 0.0000000000
-1  21.000  -1.000  0.000 0.0000000000
-1  20.000  -1.000  0.000 0.0000000000
-1  19.000  -1.000  0.000 0.0000000000
-1  18.000  -1.000  0.000 0.0000000000
-1  17.000  -1.000  0.000 0.0000000000
-1  16.000  -1.000  0.000 0.0000000000
-1  15.000  -1.000  0.000 0.0000000000
-1  25.000  -1.000  -1.000 0.0000000000
-1  24.000  -1.000  -1.000 0.0000000000
-1  23.000  -1.000  -1.000 0.0000000000
-1  22.000  -1.000  -1.000 0.0000000000
-1  21.000  -1.000  -1.000 0.0000000000
-1  20.000  -1.000  -1.000 0.0000000000
-1  19.000  -1.000  -1.000 0.0000000000
-1  18.000  -1.000  -1.000 0.0000000000
-1  17.000  -1.000  -1.000 0.0000000000
-1  16.000  -1.000  -1.000 0.0000000000
-1  15.000  -1.000  -1.000 0.0000000000
-1  25.000  -1.000  -2.000 0.0000000000
-1  24.000  -1.000  -2.000 0.0000000000
-1  23.000  -1.000  -2.000 0.0000000000
-1  22.000  -1.000  -2.000 0.0000000000
-1  21.000  -1.000  -2.000 0.0000000000
-1  20.000  -1.000  -2.000 0.0000000000
-1  19.000  -1.000  -2.000 0.0000000000
-1  18.000  -1.000  -2.000 0.0000000000
-1  17.000  -1.000  -2.000 0.0000000000
-1  16.000  -1.000  -2.000 0.0000000000
-1  15.000  -1.000  -2.000 0.0000000000
-1  14.000  -1.000  -2.000 0.0000000000
-1  25.000  -1.000  -3.000 0.0000000000
-1  24.000  -1.000  -3.000 0.0000000000
-1  23.000  -1.000  -3.000 0.0000000000
-1  22.000  -1.000  -3.000 0.0000000000
-1  21.000  -1.000  -3.000 0.0000000000
-1  20.000  -1.000  -3.000 0.0000000000
-1  19.000  -1.000  -3.000 0.0000000000
-1  18.000  -1.000  -3.000 0.0000000000
-1  17.000  -1.000  -3.000 0.0000000000
-1  16.000  -1.000  -3.000 0.0000000000
-1  15.000  -1.000  -3.000 0.0000000000
-1  14.000  -1.000  -3.000 0.0000000000
-1  25.000  -1.000  -4.000 0.0000000000
-1  24.000  -1.000  -4.000 0.0000000000
-1  23.000  -1.000  -4.000 0.0000000000
-1  22.000  -1.000  -4.000 0.0000000000
-1  21.000  -1.000  -4.000 0.0000000000
-1  20.000  -1.000  -4.000 0.0000000000
-1  19.000  -1.000  -4.000 0.0000000000
-1  18.000  -1.000  -4.000 0.0000000000
-1  17.000  -1.000  -4.000 0.0000000000
-1  16.000  -1.000  -4.000 0.0000000000
-1  15.000  -1.000  -4.000 0.0000000000
-1  14.000  -1.000  -4.000 0.0000000000
-1  24.000  -1.000  -5.000 0.0000000000
-1  23.000  -1.000  -5.000 0.0000000000
-1  22.000  -1.000  -5.000 0.0000000000
-1  21.000  -1.000  -5.000 0.0000000000
-1  20.000  -1.000  -5.000 0.0000000000
-1  19.000  -1.000  -5.000 0.0000000000
-1  18.000  -1.000  -5.000 0.0000000000
-1  17.000  -1.000  -5.000 0.0000000000
-1  16.000  -1.000  -5.000 0.0000000000
-1  15.000  -1.000  -5.000 0.0000000000
-1  14.000  -1.000  -5.000 0.0000000000
-1  24.000  -1.000  -6.000 0.0000000000
-1  23.000  -1.000  -6.000 0.0000000000
-1  22.000  -1.000  -6.000 0.0000000000
-1  21.000  -1.000  -6.000 0.0000000000
-1  20.000  -1.000  -6.000 0.0000000000
-1  19.000  -1.000  -6.000 0.0000000000
-1  18.000  -1.000  -6.000 0.0000000000
-1  17.000  -1.000  -6.000 0.0000000000
-1  16.000  -1.000  -6.000 0.0000000000
-1  15.000  -1.000  -6.000 0.0000000000
-1  14.000  -1.000  -6.000 0.0000000000
-1  24.000  -1.000  -7.000 0.0000000000
-1  23.000  -1.000  -7.000 0.0000000000
-1  22.000  -1.000  -7.000 0.0000000000
-1  21.000  -1.000  -7.000 0.0000000000
-1  20.000  -1.000  -7.000 0.0000000000
-1  19.000  -1.000  -7.000 0.0000000000
-1  18.000  -1.000  -7.000 0.0000000000
-1  17.000  -1.000  -7.000 0.0000000000
-1  16.000  -1.000  -7.000 0.0000000000
-1  15.000  -1.000  -7.000 0.0000000000
-1  22.000  0.000  4.000 0.0000000000
-1  21.000  0.000  4.000 0.0000000000
-1  20.000  0.000  4.000 0.0000000000
-1  19.000  0.000  4.000 0.0000000000
-1  23.000  0.000  3.000 0.0000000000
-1  22.000  0.000  3.000 0.0000000000
-1  21.000  0.000  3.000 0.0000000000
-1  20.000  0.000  3.000 0.0000000000
-1  19.000  0.000  3.000 0.0000000000
-1  18.000  0.000  3.000 0.0000000000
-1  17.000  0.000  3.000 0.0000000000
-1  23.000  0.000  2.000 0.0000000000
-1  22.000  0.000  2.000 0.0000000000
-1  21.000  0.000  2.000 0.0000000000
-1  20.000  0.000  2.000 0.0000000000
-1  19.000  0.000  2.000 0.0000000000
-1  18.000  0.000  2.000 0.0000000000
-1  17.000  0.000  2.000 0.0000000000
-1  23.000  0.000  1.000 0.0000000000
-1  22.000  0.000  1.000 0.0000000000
-1  21.000  0.000  1.000 0.0000000000
-1  20.000  0.000  1.000 0.0000000000
-1  19.000  0.000  1.000 0.0000000000
-1  18.000  0.000  1.000 0.0000000000
-1  17.000  0.000  1.000 0.0000000000
-1  24.000  0.000  0.000 0.0000000000
-1  23.000  0.000  0.000 0.0000000000
-1  22.000  0.000  0.000 0.0000000000
-1  21.000  0.000  0.000 0.0000000000
-1  20.000  0.000  0.000 0.0000000000
-1  19.000  0.000  0.000 0.0000000000
-1  18.000  0.000  0.000 0.0000000000
-1  17.000  0.000  0.000 0.0000000000
-1  16.000  0.000  0.000 0.0000000000
-1  15.000  0.000  0.000 0.0000000000
-1  24.000  0.000  -1.000 0.0000000000
-1  23.000  0.000  -1.000 0.0000000000
-1  22.000  0.000  -1.000 0.0000000000
-1  21.000  0.000  -1.000 0.0000000000
-1  20.000  0.000  -1.000 0.0000000000
-1  19.000  0.000  -1.000 0.0000000000
-1  18.000  0.000  -1.000 0.0000000000
-1  17.000  0.000  -1.000 0.0000000000
-1  16.000  0.000  -1.000 0.0000000000
-1  15.000  0.000  -1.000 0.0000000000
-1  24.000  0.000  -2.000 0.0000000000
-1  23.000  0.000  -2.000 0.0000000000
-1  22.000  0.000  -2.000 0.0000000000
-1  21.000  0.000  -2.000 0.0000000000
-1  20.000  0.000  -2.000 0.0000000000
-1  19.000  0.000  -2.000 0.0000000000
-1  18.000  0.000  -2.000 0.0000000000
-1  17.000  0.000  -2.000 0.0000000000
-1  16.000  0.000  -2.000 0.0000000000
-1  15.000  0.000  -2.000 0.0000000000
-1  14.000  0.000  -2.000 0.0000000000
-1  24.000  0.000  -3.000 0.0000000000
-1  23.000  0.000  -3.000 0.0000000000
-1  22.000  0.000  -3.000 0.0000000000
-1  21.000  0.000  -3.000 0.0000000000
-1  20.000  0.000  -3.000 0.0000000000
-1  19.000  0.000  -3.000 0.0000000000
-1  18.000  0.000  -3.000 0.0000000000
-1  17.000  0.000  -3.000 0.0000000000
-1  16.000  0.000  -3.000 0.0000000000
-1  15.000  0.000  -3.000 0.0000000000
-1  14.000  0.000  -3.000 0.0000000000
-1  24.000  0.000  -4.000 0.0000000000
-1  23.000  0.000  -4.000 0.0000000000
-1  22.000  0.000  -4.000 0.0000000000
-1  21.000  0.000  -4.000 0.0000000000
-1  20.000  0.000  -4.000 0.0000000000
-1  19.000  0.000  -4.000 0.0000000000
-1  18.000  0.000  -4.000 0.0000000000
-1  17.000  0.000  -4.000 0.0000000000
-1  16.000  0.000  -4.000 0.0000000000
-1  15.000  0.000  -4.000 0.0000000000
-1  14.000  0.000  -4.000 0.0000000000
-1  24.000  0.000  -5.000 0.0000000000
-1  23.000  0.000  -5.000 0.0000000000
-1  22.000  0.000  -5.000 0.0000000000
-1  21.000  0.000  -5.000 0.0000000000
-1  20.000  0.000  -5.000 0.0000000000
-1  19.000  0.000  -5.000 0.0000000000
-1  18.000  0.000  -5.000 0.0000000000
-1  17.000  0.000  -5.000 0.0000000000
-1  16.000  0.000  -5.000 0.0000000000
-1  15.000  0.000  -5.000 0.0000000000
-1  14.000  0.000  -5.000 0.0000000000
-1  24.000  0.000  -6.000 0.0000000000
-1  23.000  0.000  -6.000 0.0000000000
-1  22.000  0.000  -6.000 0.0000000000
-1  21.000  0.000  -6.000 0.0000000000
-1  20.000  0.000  -6.000 0.0000000000
-1  19.000  0.000  -6.000 0.0000000000
-1  18.000  0.000  -6.000 0.0000000000
-1  17.000  0.000  -6.000 0.0000000000
-1  16.000  0.000  -6.000 0.0000000000
-1  15.000  0.000  -6.000 0.0000000000
-1  14.000  0.000  -6.000 0.0000000000
-1  23.000  0.000  -7.000 0.0000000000
-1  22.000  0.000  -7.000 0.0000000000
-1  21.000  0.000  -7.000 0.0000000000
-1  20.000  0.000  -7.000 0.0000000000
-1  19.000  0.000  -7.000 0.0000000000
-1  18.000  0.000  -7.000 0.0000000000
-1  17.000  0.000  -7.000 0.0000000000
-1  16.000  0.000  -7.000 0.0000000000
-1  22.000  1.000  4.000 0.0000000000
-1  21.000  1.000  4.000 0.0000000000
-1  20.000  1.000  4.000 0.0000000000
-1  22.000  1.000  3.000 0.0000000000
-1  21.000  1.000  3.000 0.0000000000
-1  20.000  1.000  3.000 0.0000000000
-1  19.000  1.000  3.000 0.0000000000
-1  23.000  1.000  2.000 0.0000000000
-1  22.000  1.000  2.000 0.0000000000
-1  21.000  1.000  2.000 0.0000000000
-1  20.000  1.000  2.000 0.0000000000
-1  19.000  1.000  2.000 0.0000000000
-1  18.000  1.000  2.000 0.0000000000
-1  23.000  1.000  1.000 0.0000000000
-1  22.000  1.000  1.000 0.0000000000
-1  21.000  1.000  1.000 0.0000000000
-1  20.000  1.000  1.000 0.0000000000
-1  19.000  1.000  1.000 0.0000000000
-1  18.000  1.000  1.000 0.0000000000
-1  17.000  1.000  1.000 0.0000000000
-1  23.000  1.000  0.000 0.0000000000
-1  22.000  1.000  0.000 0.0000000000
-1  21.000  1.000  0.000 0.0000000000
-1  20.000  1.000  0.000 0.0000000000
-1  19.000  1.000  0.000 0.0000000000
-1  18.000  1.000  0.000 0.0000000000
-1  17.000  1.000  0.000 0.0000000000
-1  16.000  1.000  0.000 0.0000000000
-1  24.000  1.000  -1.000 0.0000000000
-1  23.000  1.000  -1.000 0.0000000000
-1  22.000  1.000  -1.000 0.0000000000
-1  21.000  1.000  -1.000 0.0000000000
-1  20.000  1.000  -1.000 0.0000000000
-1  19.000  1.000  -1.000 0.0000000000
-1  18.000  1.000  -1.000 0.0000000000
-1  17.000  1.000  -1.000 0.0000000000
-1  16.000  1.000  -1.000 0.0000000000
-1  15.000  1.000  -1.000 0.0000000000
-1  24.000  1.000  -2.000 0.0000000000
-1  23.000  1.000  -2.000 0.0000000000
-1  22.000  1.000  -2.000 0.0000000000
-1  21.000  1.000  -2.000 0.0000000000
-1  20.000  1.000  -2.000 0.0000000000
-1  19.000  1.000  -2.000 0.0000000000
-1  18.000  1.000  -2.000 0.0000000000
-1  17.000  1.000  -2.000 0.0000000000
-1  16.000  1.000  -2.000 0.0000000000
-1  15.000  1.000  -2.000 0.0000000000
-1  14.000  1.000  -2.000 0.0000000000
-1  24.000  1.000  -3.000 0.0000000000
-1  23.000  1.000  -3.000 0.0000000000
-1  22.000  1.000  -3.000 0.0000000000
-1  21.000  1.000  -3.000 0.0000000000
-1  20.000  1.000  -3.000 0.0000000000
-1  19.000  1.000  -3.000 0.0000000000
-1  18.000  1.000  -3.000 0.0000000000
-1  17.000  1.000  -3.000 0.0000000000
-1  16.000  1.000  -3.000 0.0000000000
-1  15.000  1.000  -3.000 0.0000000000
-1  14.000  1.000  -3.000 0.0000000000
-1  24.000  1.000  -4.000 0.0000000000
-1  23.000  1.000  -4.000 0.0000000000
-1  22.000  1.000  -4.000 0.0000000000
-1  21.000  1.000  -4.000 0.0000000000
-1  20.000  1.000  -4.000 0.0000000000
-1  19.000  1.000  -4.000 0.0000000000
-1  18.000  1.000  -4.000 0.0000000000
-1  17.000  1.000  -4.000 0.0000000000
-1  16.000  1.000  -4.000 0.0000000000
-1  15.000  1.000  -4.000 0.0000000000
-1  14.000  1.000  -4.000 0.0000000000
-1  24.000  1.000  -5.000 0.0000000000
-1  23.000  1.000  -5.000 0.0000000000
-1  22.000  1.000  -5.000 0.0000000000
-1  21.000  1.000  -5.000 0.0000000000
-1  20.000  1.000  -5.000 0.0000000000
-1  19.000  1.000  -5.000 0.0000000000
-1  18.000  1.000  -5.000 0.0000000000
-1  17.000  1.000  -5.000 0.0000000000
-1  16.000  1.000  -5.000 0.0000000000
-1  15.000  1.000  -5.000 0.0000000000
-1  14.000  1.000  -5.000 0.0000000000
-1  23.000  1.000  -6.000 0.0000000000
-1  22.000  1.000  -6.000 0.0000000000
-1  21.000  1.000  -6.000 0.0000000000
-1  20.000  1.000  -6.000 0.0000000000
-1  19.000  1.000  -6.000 0.0000000000
-1  18.000  1.000  -6.000 0.0000000000
-1  17.000  1.000  -6.000 0.0000000000
-1  16.000  1.000  -6.000 0.0000000000
-1  15.000  1.000  -6.000 0.0000000000
-1  22.000  1.000  -7.000 0.0000000000
-1  20.000  1.000  -7.000 0.0000000000
-1  21.000  2.000  3.000 0.0000000000
-1  21.000  2.000  2.000 0.0000000000
-1  20.000  2.000  2.000 0.0000000000
-1  19.000  2.000  2.000 0.0000000000
-1  18.000  2.000  2.000 0.0000000000
-1  22.000  2.000  1.000 0.0000000000
-1  21.000  2.000  1.000 0.0000000000
-1  20.000  2.000  1.000 0.0000000000
-1  19.000  2.000  1.000 0.0000000000
-1  18.000  2.000  1.000 0.0000000000
-1  17.000  2.000  1.000 0.0000000000
-1  23.000  2.000  0.000 0.0000000000
-1  22.000  2.000  0.000 0.0000000000
-1  21.000  2.000  0.000 0.0000000000
-1  20.000  2.000  0.000 0.0000000000
-1  19.000  2.000  0.000 0.0000000000
-1  18.000  2.000  0.000 0.0000000000
-1  17.000  2.000  0.000 0.0000000000
-1  16.000  2.000  0.000 0.0000000000
-1  23.000  2.000  -1.000 0.0000000000
-1  22.000  2.000  -1.000 0.0000000000
-1  21.000  2.000  -1.000 0.0000000000
-1  20.000  2.000  -1.000 0.0000000000
-1  19.000  2.000  -1.000 0.0000000000
-1  18.000  2.000  -1.000 0.0000000000
-1  17.000  2.000  -1.000 0.0000000000
-1  16.000  2.000  -1.000 0.0000000000
-1  15.000  2.000  -1.000 0.0000000000
-1  14.000  2.000  -1.000 0.0000000000
-1  23.000  2.000  -2.000 0.0000000000
-1  22.000  2.000  -2.000 0.0000000000
-1  21.000  2.000  -2.000 0.0000000000
-1  20.000  2.000  -2.000 0.0000000000
-1  19.000  2.000  -2.000 0.0000000000
-1  18.000  2.000  -2.000 0.0000000000
-1  17.000  2.000  -2.000 0.0000000000
-1  16.000  2.000  -2.000 0.0000000000
-1  15.000  2.000  -2.000 0.0000000000
-1  14.000  2.000  -2.000 0.0000000000
-1  23.000  2.000  -3.000 0.0000000000
-1  22.000  2.000  -3.000 0.0000000000
-1  21.000  2.000  -3.000 0.0000000000
-1  20.000  2.000  -3.000 0.0000000000
-1  19.000  2.000  -3.000 0.0000000000
-1  18.000  2.000  -3.000 0.0000000000
-1  17.000  2.000  -3.000 0.0000000000
-1  16.000  2.000  -3.000 0.0000000000
-1  15.000  2.000  -3.000 0.0000000000
-1  14.000  2.000  -3.000 0.0000000000
-1  23.000  2.000  -4.000 0.0000000000
-1  22.000  2.000  -4.000 0.0000000000
-1  21.000  2.000  -4.000 0.0000000000
-1  20.000  2.000  -4.000 0.0000000000
-1  19.000  2.000  -4.000 0.0000000000
-1  18.000  2.000  -4.000 0.0000000000
-1  17.000  2.000  -4.000 0.0000000000
-1  16.000  2.000  -4.000 0.0000000000
-1  15.000  2.000  -4.000 0.0000000000
-1  14.000  2.000  -4.000 0.0000000000
-1  22.000  2.000  -5.000 0.0000000000
-1  21.000  2.000  -5.000 0.0000000000
-1  20.000  2.000  -5.000 0.0000000000
-1  19.000  2.000  -5.000 0.0000000000
-1  18.000  2.000  -5.000 0.0000000000
-1  17.000  2.000  -5.000 0.0000000000
-1  16.000  2.000  -5.000 0.0000000000
-1  15.000  2.000  -5.000 0.0000000000
-1  14.000  2.000  -5.000 0.0000000000
-1  22.000  2.000  -6.000 0.0000000000
-1  21.000  2.000  -6.000 0.0000000000
-1  20.000  2.000  -6.000 0.0000000000
-1  19.000  2.000  -6.000 0.0000000000
-1  18.000  2.000  -6.000 0.0000000000
-1  17.000  2.000  -6.000 0.0000000000
-1  16.000  2.000  -6.000 0.0000000000
-1  15.000  2.000  -6.000 0.0000000000
-1  20.000  2.000  -7.000 0.0000000000
-1  20.000  3.000  2.000 0.0000000000
-1  19.000  3.000  2.000 0.0000000000
-1  21.000  3.000  1.000 0.0000000000
-1  20.000  3.000  1.000 0.0000000000
-1  19.000  3.000  1.000 0.0000000000
-1  18.000  3.000  1.000 0.0000000000
-1  17.000  3.000  1.000 0.0000000000
-1  22.000  3.000  0.000 0.0000000000
-1  21.000  3.000  0.000 0.0000000000
-1  20.000  3.000  0.000 0.0000000000
-1  19.000  3.000  0.000 0.0000000000
-1  18.000  3.000  0.000 0.0000000000
-1  17.000  3.000  0.000 0.0000000000
-1  16.000  3.000  0.000 0.0000000000
-1  22.000  3.000  -1.000 0.0000000000
-1  21.000  3.000  -1.000 0.0000000000
-1  20.000  3.000  -1.000 0.0000000000
-1  19.000  3.000  -1.000 0.0000000000
-1  18.000  3.000  -1.000 0.0000000000
-1  17.000  3.000  -1.000 0.0000000000
-1  16.000  3.000  -1.000 0.0000000000
-1  15.000  3.000  -1.000 0.0000000000
-1  14.000  3.000  -1.000 0.0000000000
-1  22.000  3.000  -2.000 0.0000000000
-1  21.000  3.000  -2.000 0.0000000000
-1  20.000  3.000  -2.000 0.0000000000
-1  19.000  3.000  -2.000 0.0000000000
-1  18.000  3.000  -2.000 0.0000000000
-1  17.000  3.000  -2.000 0.0000000000
-1  16.000  3.000  -2.000 0.0000000000
-1  15.000  3.000  -2.000 0.0000000000
-1  14.000  3.000  -2.000 0.0000000000
-1  22.000  3.000  -3.000 0.0000000000
-1  21.000  3.000  -3.000 0.0000000000
-1  20.000  3.000  -3.000 0.0000000000
-1  19.000  3.000  -3.000 0.0000000000
-1  18.000  3.000  -3.000 0.0000000000
-1  17.000  3.000  -3.000 0.0000000000
-1  16.000  3.000  -3.000 0.0000000000
-1  15.000  3.000  -3.000 0.0000000000
-1  14.000  3.000  -3.000 0.0000000000
-1  21.000  3.000  -4.000 0.0000000000
-1  20.000  3.000  -4.000 0.0000000000
-1  19.000  3.000  -4.000 0.0000000000
-1  18.000  3.000  -4.000 0.0000000000
-1  17.000  3.000  -4.000 0.0000000000
-1  16.000  3.000  -4.000 0.0000000000
-1  15.000  3.000  -4.000 0.0000000000
-1  14.000  3.000  -4.000 0.0000000000
-1  20.000  3.000  -5.000 0.0000000000
-1  19.000  3.000  -5.000 0.0000000000
-1  18.000  3.000  -5.000 0.0000000000
-1  17.000  3.000  -5.000 0.0000000000
-1  16.000  3.000  -5.000 0.0000000000
-1  15.000  3.000  -5.000 0.0000000000
-1  14.000  3.000  -5.000 0.0000000000
-1  20.000  3.000  -6.000 0.0000000000
-1  19.000  3.000  -6.000 0.0000000000
-1  18.000  3.000  -6.000 0.0000000000
-1  17.000  3.000  -6.000 0.0000000000
-1  16.000  3.000  -6.000 0.0000000000
-1  15.000  3.000  -6.000 0.0000000000
-1  19.000  3.000  -7.000 0.0000000000
-1  18.000  3.000  -7.000 0.0000000000
-1  17.000  3.000  -7.000 0.0000000000
-1  20.000  4.000  1.000 0.0000000000
-1  19.000  4.000  1.000 0.0000000000
-1  21.000  4.000  0.000 0.0000000000
-1  20.000  4.000  0.000 0.0000000000
-1  19.000  4.000  0.000 0.0000000000
-1  18.000  4.000  0.000 0.0000000000
-1  17.000  4.000  0.000 0.0000000000
-1  21.000  4.000  -1.000 0.0000000000
-1  20.000  4.000  -1.000 0.0000000000
-1  19.000  4.000  -1.000 0.0000000000
-1  18.000  4.000  -1.000 0.0000000000
-1  17.000  4.000  -1.000 0.0000000000
-1  16.000  4.000  -1.000 0.0000000000
-1  20.000  4.000  -2.000 0.0000000000
-1  19.000  4.000  -2.000 0.0000000000
-1  18.000  4.000  -2.000 0.0000000000
-1  17.000  4.000  -2.000 0.0000000000
-1  16.000  4.000  -2.000 0.0000000000
-1  15.000  4.000  -2.000 0.0000000000
-1  14.000  4.000  -2.000 0.0000000000
-1  20.000  4.000  -3.000 0.0000000000
-1  19.000  4.000  -3.000 0.0000000000
-1  18.000  4.000  -3.000 0.0000000000
-1  17.000  4.000  -3.000 0.0000000000
-1  16.000  4.000  -3.000 0.0000000000
-1  15.000  4.000  -3.000 0.0000000000
-1  14.000  4.000  -3.000 0.0000000000
-1  20.000  4.000  -4.000 0.0000000000
-1  19.000  4.000  -4.000 0.0000000000
-1  18.000  4.000  -4.000 0.0000000000
-1  17.000  4.000  -4.000 0.0000000000
-1  16.000  4.000  -4.000 0.0000000000
-1  15.000  4.000  -4.000 0.0000000000
-1  14.000  4.000  -4.000 0.0000000000
-1  20.000  4.000  -5.000 0.0000000000
-1  19.000  4.000  -5.000 0.0000000000
-1  18.000  4.000  -5.000 0.0000000000
-1  17.000  4.000  -5.000 0.0000000000
-1  16.000  4.000  -5.000 0.0000000000
-1  15.000  4.000  -5.000 0.0000000000
-1  14.000  4.000  -5.000 0.0000000000
-1  19.000  4.000  -6.000 0.0000000000
-1  18.000  4.000  -6.000 0.0000000000
-1  17.000  4.000  -6.000 0.0000000000
-1  16.000  4.000  -6.000 0.0000000000
-1  15.000  4.000  -6.000 0.0000000000
-1  14.000  4.000  -6.000 0.0000000000
-1  18.000  4.000  -7.000 0.0000000000
-1  17.000  4.000  -7.000 0.0000000000
-1  16.000  4.000  -7.000 0.0000000000
-1  20.000  5.000  0.000 0.0000000000
-1  19.000  5.000  0.000 0.0000000000
-1  18.000  5.000  0.000 0.0000000000
-1  20.000  5.000  -1.000 0.0000000000
-1  19.000  5.000  -1.000 0.0000000000
-1  18.000  5.000  -1.000 0.0000000000
-1  17.000  5.000  -1.000 0.0000000000
-1  21.000  5.000  -2.000 0.0000000000
-1  20.000  5.000  -2.000 0.0000000000
-1  19.000  5.000  -2.000 0.0000000000
-1  18.000  5.000  -2.000 0.0000000000
-1  17.000  5.000  -2.000 0.0000000000
-1  16.000  5.000  -2.000 0.0000000000
-1  15.000  5.000  -2.000 0.0000000000
-1  19.000  5.000  -3.000 0.0000000000
-1  18.000  5.000  -3.000 0.0000000000
-1  17.000  5.000  -3.000 0.0000000000
-1  16.000  5.000  -3.000 0.0000000000
-1  15.000  5.000  -3.000 0.0000000000
-1  14.000  5.000  -3.000 0.0000000000
-1  19.000  5.000  -4.000 0.0000000000
-1  18.000  5.000  -4.000 0.0000000000
-1  17.000  5.000  -4.000 0.0000000000
-1  16.000  5.000  -4.000 0.0000000000
-1  15.000  5.000  -4.000 0.0000000000
-1  14.000  5.000  -4.000 0.0000000000
-1  19.000  5.000  -5.000 0.0000000000
-1  18.000  5.000  -5.000 0.0000000000
-1  17.000  5.000  -5.000 0.0000000000
-1  16.000  5.000  -5.000 0.0000000000
-1  15.000  5.000  -5.000 0.0000000000
-1  18.000  5.000  -6.000 0.0000000000
-1  17.000  5.000  -6.000 0.0000000000
-1  16.000  5.000  -6.000 0.0000000000
-1  15.000  5.000  -6.000 0.0000000000
-1  14.000  5.000  -6.000 0.0000000000
-1  18.000  6.000  -2.000 0.0000000000
-1  16.000  6.000  -4.000 0.0000000000
