#!ascii label /Users/megardn/Desktop/BGD_Repos/labels/rh_0030.label , from subject  vox2ras=TkReg
74
-1  -30.000  -6.000  -10.000 0.0000000000
-1  -30.000  -6.000  -11.000 0.0000000000
-1  -28.000  -5.000  -9.000 0.0000000000
-1  -29.000  -5.000  -9.000 0.0000000000
-1  -28.000  -5.000  -10.000 0.0000000000
-1  -29.000  -5.000  -10.000 0.0000000000
-1  -30.000  -5.000  -10.000 0.0000000000
-1  -31.000  -5.000  -10.000 0.0000000000
-1  -28.000  -5.000  -11.000 0.0000000000
-1  -29.000  -5.000  -11.000 0.0000000000
-1  -30.000  -5.000  -11.000 0.0000000000
-1  -31.000  -5.000  -11.000 0.0000000000
-1  -28.000  -4.000  -9.000 0.0000000000
-1  -29.000  -4.000  -9.000 0.0000000000
-1  -30.000  -4.000  -9.000 0.0000000000
-1  -27.000  -4.000  -10.000 0.0000000000
-1  -28.000  -4.000  -10.000 0.0000000000
-1  -29.000  -4.000  -10.000 0.0000000000
-1  -30.000  -4.000  -10.000 0.0000000000
-1  -28.000  -4.000  -11.000 0.0000000000
-1  -29.000  -4.000  -11.000 0.0000000000
-1  -30.000  -4.000  -11.000 0.0000000000
-1  -31.000  -4.000  -11.000 0.0000000000
-1  -29.000  -4.000  -12.000 0.0000000000
-1  -27.000  -3.000  -9.000 0.0000000000
-1  -28.000  -3.000  -9.000 0.0000000000
-1  -29.000  -3.000  -9.000 0.0000000000
-1  -27.000  -3.000  -10.000 0.0000000000
-1  -28.000  -3.000  -10.000 0.0000000000
-1  -29.000  -3.000  -10.000 0.0000000000
-1  -30.000  -3.000  -10.000 0.0000000000
-1  -27.000  -3.000  -11.000 0.0000000000
-1  -28.000  -3.000  -11.000 0.0000000000
-1  -29.000  -3.000  -11.000 0.0000000000
-1  -30.000  -3.000  -11.000 0.0000000000
-1  -27.000  -3.000  -12.000 0.0000000000
-1  -28.000  -3.000  -12.000 0.0000000000
-1  -29.000  -3.000  -12.000 0.0000000000
-1  -30.000  -3.000  -12.000 0.0000000000
-1  -26.000  -2.000  -9.000 0.0000000000
-1  -27.000  -2.000  -9.000 0.0000000000
-1  -28.000  -2.000  -9.000 0.0000000000
-1  -26.000  -2.000  -10.000 0.0000000000
-1  -27.000  -2.000  -10.000 0.0000000000
-1  -28.000  -2.000  -10.000 0.0000000000
-1  -29.000  -2.000  -10.000 0.0000000000
-1  -30.000  -2.000  -10.000 0.0000000000
-1  -26.000  -2.000  -11.000 0.0000000000
-1  -27.000  -2.000  -11.000 0.0000000000
-1  -28.000  -2.000  -11.000 0.0000000000
-1  -29.000  -2.000  -11.000 0.0000000000
-1  -30.000  -2.000  -11.000 0.0000000000
-1  -27.000  -2.000  -12.000 0.0000000000
-1  -28.000  -2.000  -12.000 0.0000000000
-1  -29.000  -2.000  -12.000 0.0000000000
-1  -24.000  -1.000  -10.000 0.0000000000
-1  -25.000  -1.000  -10.000 0.0000000000
-1  -26.000  -1.000  -10.000 0.0000000000
-1  -27.000  -1.000  -10.000 0.0000000000
-1  -28.000  -1.000  -10.000 0.0000000000
-1  -29.000  -1.000  -10.000 0.0000000000
-1  -25.000  -1.000  -11.000 0.0000000000
-1  -26.000  -1.000  -11.000 0.0000000000
-1  -27.000  -1.000  -11.000 0.0000000000
-1  -28.000  -1.000  -11.000 0.0000000000
-1  -29.000  -1.000  -11.000 0.0000000000
-1  -28.000  -1.000  -12.000 0.0000000000
-1  -29.000  -1.000  -12.000 0.0000000000
-1  -27.000  0.000  -10.000 0.0000000000
-1  -28.000  0.000  -10.000 0.0000000000
-1  -29.000  0.000  -10.000 0.0000000000
-1  -26.000  0.000  -11.000 0.0000000000
-1  -27.000  0.000  -11.000 0.0000000000
-1  -28.000  0.000  -11.000 0.0000000000
