#!ascii label /Users/megardn/Desktop/BGD_Repos/labels/rh_0031.label , from subject  vox2ras=TkReg
752
-1  -28.000  -40.000  3.000 0.0000000000
-1  -27.000  -40.000  2.000 0.0000000000
-1  -28.000  -40.000  2.000 0.0000000000
-1  -29.000  -40.000  2.000 0.0000000000
-1  -27.000  -40.000  1.000 0.0000000000
-1  -28.000  -40.000  1.000 0.0000000000
-1  -29.000  -40.000  1.000 0.0000000000
-1  -30.000  -40.000  1.000 0.0000000000
-1  -30.000  -40.000  0.000 0.0000000000
-1  -27.000  -39.000  5.000 0.0000000000
-1  -28.000  -39.000  5.000 0.0000000000
-1  -26.000  -39.000  4.000 0.0000000000
-1  -27.000  -39.000  4.000 0.0000000000
-1  -28.000  -39.000  4.000 0.0000000000
-1  -26.000  -39.000  3.000 0.0000000000
-1  -27.000  -39.000  3.000 0.0000000000
-1  -28.000  -39.000  3.000 0.0000000000
-1  -29.000  -39.000  3.000 0.0000000000
-1  -26.000  -39.000  2.000 0.0000000000
-1  -27.000  -39.000  2.000 0.0000000000
-1  -28.000  -39.000  2.000 0.0000000000
-1  -29.000  -39.000  2.000 0.0000000000
-1  -28.000  -39.000  1.000 0.0000000000
-1  -29.000  -39.000  1.000 0.0000000000
-1  -30.000  -39.000  1.000 0.0000000000
-1  -29.000  -39.000  0.000 0.0000000000
-1  -30.000  -39.000  0.000 0.0000000000
-1  -31.000  -39.000  0.000 0.0000000000
-1  -30.000  -39.000  -1.000 0.0000000000
-1  -31.000  -39.000  -1.000 0.0000000000
-1  -31.000  -39.000  -3.000 0.0000000000
-1  -32.000  -39.000  -3.000 0.0000000000
-1  -33.000  -39.000  -3.000 0.0000000000
-1  -32.000  -39.000  -4.000 0.0000000000
-1  -33.000  -39.000  -4.000 0.0000000000
-1  -24.000  -38.000  6.000 0.0000000000
-1  -25.000  -38.000  6.000 0.0000000000
-1  -26.000  -38.000  6.000 0.0000000000
-1  -27.000  -38.000  6.000 0.0000000000
-1  -25.000  -38.000  5.000 0.0000000000
-1  -26.000  -38.000  5.000 0.0000000000
-1  -27.000  -38.000  5.000 0.0000000000
-1  -28.000  -38.000  5.000 0.0000000000
-1  -29.000  -38.000  5.000 0.0000000000
-1  -24.000  -38.000  4.000 0.0000000000
-1  -25.000  -38.000  4.000 0.0000000000
-1  -26.000  -38.000  4.000 0.0000000000
-1  -27.000  -38.000  4.000 0.0000000000
-1  -28.000  -38.000  4.000 0.0000000000
-1  -29.000  -38.000  4.000 0.0000000000
-1  -25.000  -38.000  3.000 0.0000000000
-1  -26.000  -38.000  3.000 0.0000000000
-1  -27.000  -38.000  3.000 0.0000000000
-1  -28.000  -38.000  3.000 0.0000000000
-1  -29.000  -38.000  3.000 0.0000000000
-1  -30.000  -38.000  3.000 0.0000000000
-1  -25.000  -38.000  2.000 0.0000000000
-1  -26.000  -38.000  2.000 0.0000000000
-1  -27.000  -38.000  2.000 0.0000000000
-1  -28.000  -38.000  2.000 0.0000000000
-1  -29.000  -38.000  2.000 0.0000000000
-1  -30.000  -38.000  2.000 0.0000000000
-1  -27.000  -38.000  1.000 0.0000000000
-1  -28.000  -38.000  1.000 0.0000000000
-1  -29.000  -38.000  1.000 0.0000000000
-1  -30.000  -38.000  1.000 0.0000000000
-1  -28.000  -38.000  0.000 0.0000000000
-1  -29.000  -38.000  0.000 0.0000000000
-1  -30.000  -38.000  0.000 0.0000000000
-1  -31.000  -38.000  0.000 0.0000000000
-1  -32.000  -38.000  0.000 0.0000000000
-1  -29.000  -38.000  -1.000 0.0000000000
-1  -30.000  -38.000  -1.000 0.0000000000
-1  -31.000  -38.000  -1.000 0.0000000000
-1  -32.000  -38.000  -1.000 0.0000000000
-1  -30.000  -38.000  -2.000 0.0000000000
-1  -31.000  -38.000  -2.000 0.0000000000
-1  -32.000  -38.000  -2.000 0.0000000000
-1  -31.000  -38.000  -3.000 0.0000000000
-1  -32.000  -38.000  -3.000 0.0000000000
-1  -33.000  -38.000  -3.000 0.0000000000
-1  -34.000  -38.000  -3.000 0.0000000000
-1  -32.000  -38.000  -4.000 0.0000000000
-1  -33.000  -38.000  -4.000 0.0000000000
-1  -33.000  -38.000  -5.000 0.0000000000
-1  -23.000  -37.000  9.000 0.0000000000
-1  -22.000  -37.000  7.000 0.0000000000
-1  -23.000  -37.000  7.000 0.0000000000
-1  -24.000  -37.000  7.000 0.0000000000
-1  -25.000  -37.000  7.000 0.0000000000
-1  -26.000  -37.000  7.000 0.0000000000
-1  -27.000  -37.000  7.000 0.0000000000
-1  -22.000  -37.000  6.000 0.0000000000
-1  -23.000  -37.000  6.000 0.0000000000
-1  -24.000  -37.000  6.000 0.0000000000
-1  -25.000  -37.000  6.000 0.0000000000
-1  -26.000  -37.000  6.000 0.0000000000
-1  -27.000  -37.000  6.000 0.0000000000
-1  -24.000  -37.000  5.000 0.0000000000
-1  -25.000  -37.000  5.000 0.0000000000
-1  -26.000  -37.000  5.000 0.0000000000
-1  -27.000  -37.000  5.000 0.0000000000
-1  -28.000  -37.000  5.000 0.0000000000
-1  -24.000  -37.000  4.000 0.0000000000
-1  -25.000  -37.000  4.000 0.0000000000
-1  -26.000  -37.000  4.000 0.0000000000
-1  -27.000  -37.000  4.000 0.0000000000
-1  -28.000  -37.000  4.000 0.0000000000
-1  -25.000  -37.000  3.000 0.0000000000
-1  -26.000  -37.000  3.000 0.0000000000
-1  -27.000  -37.000  3.000 0.0000000000
-1  -28.000  -37.000  3.000 0.0000000000
-1  -29.000  -37.000  3.000 0.0000000000
-1  -27.000  -37.000  2.000 0.0000000000
-1  -28.000  -37.000  2.000 0.0000000000
-1  -29.000  -37.000  2.000 0.0000000000
-1  -30.000  -37.000  2.000 0.0000000000
-1  -26.000  -37.000  1.000 0.0000000000
-1  -27.000  -37.000  1.000 0.0000000000
-1  -28.000  -37.000  1.000 0.0000000000
-1  -29.000  -37.000  1.000 0.0000000000
-1  -30.000  -37.000  1.000 0.0000000000
-1  -31.000  -37.000  1.000 0.0000000000
-1  -28.000  -37.000  0.000 0.0000000000
-1  -29.000  -37.000  0.000 0.0000000000
-1  -30.000  -37.000  0.000 0.0000000000
-1  -31.000  -37.000  0.000 0.0000000000
-1  -32.000  -37.000  0.000 0.0000000000
-1  -29.000  -37.000  -1.000 0.0000000000
-1  -30.000  -37.000  -1.000 0.0000000000
-1  -31.000  -37.000  -1.000 0.0000000000
-1  -30.000  -37.000  -2.000 0.0000000000
-1  -31.000  -37.000  -2.000 0.0000000000
-1  -32.000  -37.000  -2.000 0.0000000000
-1  -33.000  -37.000  -2.000 0.0000000000
-1  -31.000  -37.000  -3.000 0.0000000000
-1  -32.000  -37.000  -3.000 0.0000000000
-1  -33.000  -37.000  -3.000 0.0000000000
-1  -34.000  -37.000  -3.000 0.0000000000
-1  -32.000  -37.000  -4.000 0.0000000000
-1  -33.000  -37.000  -4.000 0.0000000000
-1  -32.000  -37.000  -5.000 0.0000000000
-1  -33.000  -37.000  -5.000 0.0000000000
-1  -20.000  -36.000  10.000 0.0000000000
-1  -20.000  -36.000  9.000 0.0000000000
-1  -23.000  -36.000  9.000 0.0000000000
-1  -24.000  -36.000  9.000 0.0000000000
-1  -25.000  -36.000  9.000 0.0000000000
-1  -19.000  -36.000  8.000 0.0000000000
-1  -20.000  -36.000  8.000 0.0000000000
-1  -23.000  -36.000  8.000 0.0000000000
-1  -24.000  -36.000  8.000 0.0000000000
-1  -25.000  -36.000  8.000 0.0000000000
-1  -19.000  -36.000  7.000 0.0000000000
-1  -20.000  -36.000  7.000 0.0000000000
-1  -21.000  -36.000  7.000 0.0000000000
-1  -22.000  -36.000  7.000 0.0000000000
-1  -23.000  -36.000  7.000 0.0000000000
-1  -24.000  -36.000  7.000 0.0000000000
-1  -25.000  -36.000  7.000 0.0000000000
-1  -26.000  -36.000  7.000 0.0000000000
-1  -20.000  -36.000  6.000 0.0000000000
-1  -21.000  -36.000  6.000 0.0000000000
-1  -22.000  -36.000  6.000 0.0000000000
-1  -23.000  -36.000  6.000 0.0000000000
-1  -24.000  -36.000  6.000 0.0000000000
-1  -25.000  -36.000  6.000 0.0000000000
-1  -26.000  -36.000  6.000 0.0000000000
-1  -27.000  -36.000  6.000 0.0000000000
-1  -22.000  -36.000  5.000 0.0000000000
-1  -24.000  -36.000  5.000 0.0000000000
-1  -25.000  -36.000  5.000 0.0000000000
-1  -26.000  -36.000  5.000 0.0000000000
-1  -27.000  -36.000  5.000 0.0000000000
-1  -25.000  -36.000  4.000 0.0000000000
-1  -26.000  -36.000  4.000 0.0000000000
-1  -27.000  -36.000  4.000 0.0000000000
-1  -26.000  -36.000  3.000 0.0000000000
-1  -27.000  -36.000  3.000 0.0000000000
-1  -28.000  -36.000  3.000 0.0000000000
-1  -26.000  -36.000  2.000 0.0000000000
-1  -27.000  -36.000  2.000 0.0000000000
-1  -28.000  -36.000  2.000 0.0000000000
-1  -29.000  -36.000  2.000 0.0000000000
-1  -28.000  -36.000  1.000 0.0000000000
-1  -29.000  -36.000  1.000 0.0000000000
-1  -30.000  -36.000  1.000 0.0000000000
-1  -28.000  -36.000  0.000 0.0000000000
-1  -29.000  -36.000  0.000 0.0000000000
-1  -30.000  -36.000  0.000 0.0000000000
-1  -31.000  -36.000  0.000 0.0000000000
-1  -29.000  -36.000  -1.000 0.0000000000
-1  -30.000  -36.000  -1.000 0.0000000000
-1  -31.000  -36.000  -1.000 0.0000000000
-1  -30.000  -36.000  -2.000 0.0000000000
-1  -31.000  -36.000  -2.000 0.0000000000
-1  -32.000  -36.000  -2.000 0.0000000000
-1  -31.000  -36.000  -3.000 0.0000000000
-1  -32.000  -36.000  -3.000 0.0000000000
-1  -33.000  -36.000  -3.000 0.0000000000
-1  -32.000  -36.000  -4.000 0.0000000000
-1  -33.000  -36.000  -4.000 0.0000000000
-1  -33.000  -36.000  -5.000 0.0000000000
-1  -19.000  -35.000  10.000 0.0000000000
-1  -20.000  -35.000  10.000 0.0000000000
-1  -18.000  -35.000  9.000 0.0000000000
-1  -19.000  -35.000  9.000 0.0000000000
-1  -20.000  -35.000  9.000 0.0000000000
-1  -21.000  -35.000  9.000 0.0000000000
-1  -22.000  -35.000  9.000 0.0000000000
-1  -23.000  -35.000  9.000 0.0000000000
-1  -24.000  -35.000  9.000 0.0000000000
-1  -25.000  -35.000  9.000 0.0000000000
-1  -19.000  -35.000  8.000 0.0000000000
-1  -20.000  -35.000  8.000 0.0000000000
-1  -21.000  -35.000  8.000 0.0000000000
-1  -22.000  -35.000  8.000 0.0000000000
-1  -23.000  -35.000  8.000 0.0000000000
-1  -24.000  -35.000  8.000 0.0000000000
-1  -25.000  -35.000  8.000 0.0000000000
-1  -26.000  -35.000  8.000 0.0000000000
-1  -19.000  -35.000  7.000 0.0000000000
-1  -20.000  -35.000  7.000 0.0000000000
-1  -21.000  -35.000  7.000 0.0000000000
-1  -22.000  -35.000  7.000 0.0000000000
-1  -23.000  -35.000  7.000 0.0000000000
-1  -24.000  -35.000  7.000 0.0000000000
-1  -25.000  -35.000  7.000 0.0000000000
-1  -26.000  -35.000  7.000 0.0000000000
-1  -21.000  -35.000  6.000 0.0000000000
-1  -22.000  -35.000  6.000 0.0000000000
-1  -23.000  -35.000  6.000 0.0000000000
-1  -24.000  -35.000  6.000 0.0000000000
-1  -25.000  -35.000  6.000 0.0000000000
-1  -23.000  -35.000  5.000 0.0000000000
-1  -24.000  -35.000  5.000 0.0000000000
-1  -25.000  -35.000  5.000 0.0000000000
-1  -26.000  -35.000  5.000 0.0000000000
-1  -24.000  -35.000  4.000 0.0000000000
-1  -25.000  -35.000  4.000 0.0000000000
-1  -26.000  -35.000  4.000 0.0000000000
-1  -25.000  -35.000  3.000 0.0000000000
-1  -30.000  -35.000  -1.000 0.0000000000
-1  -30.000  -35.000  -2.000 0.0000000000
-1  -31.000  -35.000  -2.000 0.0000000000
-1  -31.000  -35.000  -3.000 0.0000000000
-1  -32.000  -35.000  -3.000 0.0000000000
-1  -32.000  -35.000  -4.000 0.0000000000
-1  -33.000  -35.000  -4.000 0.0000000000
-1  -33.000  -35.000  -5.000 0.0000000000
-1  -18.000  -34.000  11.000 0.0000000000
-1  -19.000  -34.000  11.000 0.0000000000
-1  -19.000  -34.000  10.000 0.0000000000
-1  -20.000  -34.000  10.000 0.0000000000
-1  -23.000  -34.000  10.000 0.0000000000
-1  -24.000  -34.000  10.000 0.0000000000
-1  -19.000  -34.000  9.000 0.0000000000
-1  -20.000  -34.000  9.000 0.0000000000
-1  -21.000  -34.000  9.000 0.0000000000
-1  -22.000  -34.000  9.000 0.0000000000
-1  -23.000  -34.000  9.000 0.0000000000
-1  -20.000  -34.000  8.000 0.0000000000
-1  -21.000  -34.000  8.000 0.0000000000
-1  -22.000  -34.000  8.000 0.0000000000
-1  -23.000  -34.000  8.000 0.0000000000
-1  -22.000  -34.000  7.000 0.0000000000
-1  -23.000  -34.000  7.000 0.0000000000
-1  -23.000  -34.000  6.000 0.0000000000
-1  -24.000  -34.000  6.000 0.0000000000
-1  -31.000  -34.000  -3.000 0.0000000000
-1  -32.000  -34.000  -3.000 0.0000000000
-1  -31.000  -34.000  -4.000 0.0000000000
-1  -32.000  -34.000  -4.000 0.0000000000
-1  -33.000  -34.000  -4.000 0.0000000000
-1  -32.000  -34.000  -5.000 0.0000000000
-1  -33.000  -34.000  -5.000 0.0000000000
-1  -34.000  -34.000  -5.000 0.0000000000
-1  -34.000  -34.000  -6.000 0.0000000000
-1  -18.000  -33.000  12.000 0.0000000000
-1  -17.000  -33.000  11.000 0.0000000000
-1  -18.000  -33.000  11.000 0.0000000000
-1  -19.000  -33.000  11.000 0.0000000000
-1  -20.000  -33.000  11.000 0.0000000000
-1  -21.000  -33.000  11.000 0.0000000000
-1  -16.000  -33.000  10.000 0.0000000000
-1  -18.000  -33.000  10.000 0.0000000000
-1  -19.000  -33.000  10.000 0.0000000000
-1  -20.000  -33.000  10.000 0.0000000000
-1  -21.000  -33.000  10.000 0.0000000000
-1  -22.000  -33.000  10.000 0.0000000000
-1  -22.000  -33.000  9.000 0.0000000000
-1  -21.000  -33.000  8.000 0.0000000000
-1  -22.000  -33.000  8.000 0.0000000000
-1  -31.000  -33.000  -4.000 0.0000000000
-1  -32.000  -33.000  -4.000 0.0000000000
-1  -32.000  -33.000  -5.000 0.0000000000
-1  -33.000  -33.000  -5.000 0.0000000000
-1  -34.000  -33.000  -5.000 0.0000000000
-1  -33.000  -33.000  -6.000 0.0000000000
-1  -34.000  -33.000  -6.000 0.0000000000
-1  -35.000  -33.000  -7.000 0.0000000000
-1  -36.000  -33.000  -7.000 0.0000000000
-1  -15.000  -32.000  12.000 0.0000000000
-1  -16.000  -32.000  12.000 0.0000000000
-1  -17.000  -32.000  12.000 0.0000000000
-1  -18.000  -32.000  12.000 0.0000000000
-1  -19.000  -32.000  12.000 0.0000000000
-1  -20.000  -32.000  12.000 0.0000000000
-1  -21.000  -32.000  12.000 0.0000000000
-1  -22.000  -32.000  12.000 0.0000000000
-1  -16.000  -32.000  11.000 0.0000000000
-1  -17.000  -32.000  11.000 0.0000000000
-1  -18.000  -32.000  11.000 0.0000000000
-1  -19.000  -32.000  11.000 0.0000000000
-1  -20.000  -32.000  11.000 0.0000000000
-1  -21.000  -32.000  11.000 0.0000000000
-1  -33.000  -32.000  -6.000 0.0000000000
-1  -34.000  -32.000  -7.000 0.0000000000
-1  -35.000  -32.000  -7.000 0.0000000000
-1  -35.000  -32.000  -8.000 0.0000000000
-1  -36.000  -32.000  -8.000 0.0000000000
-1  -16.000  -31.000  12.000 0.0000000000
-1  -17.000  -31.000  12.000 0.0000000000
-1  -18.000  -31.000  12.000 0.0000000000
-1  -19.000  -31.000  12.000 0.0000000000
-1  -20.000  -31.000  12.000 0.0000000000
-1  -33.000  -31.000  -6.000 0.0000000000
-1  -32.000  -31.000  -7.000 0.0000000000
-1  -33.000  -31.000  -7.000 0.0000000000
-1  -34.000  -31.000  -7.000 0.0000000000
-1  -34.000  -31.000  -8.000 0.0000000000
-1  -35.000  -31.000  -8.000 0.0000000000
-1  -36.000  -31.000  -8.000 0.0000000000
-1  -36.000  -31.000  -9.000 0.0000000000
-1  -34.000  -30.000  -8.000 0.0000000000
-1  -35.000  -30.000  -8.000 0.0000000000
-1  -36.000  -30.000  -8.000 0.0000000000
-1  -34.000  -30.000  -9.000 0.0000000000
-1  -35.000  -30.000  -9.000 0.0000000000
-1  -36.000  -30.000  -9.000 0.0000000000
-1  -34.000  -29.000  -8.000 0.0000000000
-1  -34.000  -29.000  -9.000 0.0000000000
-1  -35.000  -29.000  -9.000 0.0000000000
-1  -36.000  -29.000  -9.000 0.0000000000
-1  -34.000  -28.000  -9.000 0.0000000000
-1  -35.000  -28.000  -9.000 0.0000000000
-1  -35.000  -28.000  -10.000 0.0000000000
-1  -36.000  -28.000  -10.000 0.0000000000
-1  -35.000  -27.000  -10.000 0.0000000000
-1  -36.000  -27.000  -10.000 0.0000000000
-1  -26.000  -18.000  -12.000 0.0000000000
-1  -27.000  -18.000  -12.000 0.0000000000
-1  -25.000  -18.000  -13.000 0.0000000000
-1  -26.000  -18.000  -13.000 0.0000000000
-1  -27.000  -18.000  -13.000 0.0000000000
-1  -28.000  -18.000  -13.000 0.0000000000
-1  -29.000  -18.000  -13.000 0.0000000000
-1  -25.000  -17.000  -13.000 0.0000000000
-1  -26.000  -17.000  -13.000 0.0000000000
-1  -27.000  -17.000  -13.000 0.0000000000
-1  -28.000  -17.000  -13.000 0.0000000000
-1  -25.000  -16.000  -13.000 0.0000000000
-1  -26.000  -16.000  -13.000 0.0000000000
-1  -27.000  -16.000  -13.000 0.0000000000
-1  -28.000  -16.000  -13.000 0.0000000000
-1  -25.000  -16.000  -14.000 0.0000000000
-1  -26.000  -16.000  -14.000 0.0000000000
-1  -27.000  -16.000  -14.000 0.0000000000
-1  -4.000  -7.000  12.000 0.0000000000
-1  -5.000  -7.000  12.000 0.0000000000
-1  -4.000  -6.000  12.000 0.0000000000
-1  -5.000  -6.000  12.000 0.0000000000
-1  -3.000  -6.000  9.000 0.0000000000
-1  -4.000  -6.000  9.000 0.0000000000
-1  -3.000  -5.000  11.000 0.0000000000
-1  -4.000  -5.000  11.000 0.0000000000
-1  -5.000  -5.000  11.000 0.0000000000
-1  -3.000  -5.000  10.000 0.0000000000
-1  -4.000  -5.000  10.000 0.0000000000
-1  -3.000  -5.000  9.000 0.0000000000
-1  -4.000  -5.000  9.000 0.0000000000
-1  -5.000  -5.000  9.000 0.0000000000
-1  -3.000  -5.000  8.000 0.0000000000
-1  -3.000  -4.000  10.000 0.0000000000
-1  -4.000  -4.000  10.000 0.0000000000
-1  -5.000  -4.000  10.000 0.0000000000
-1  -3.000  -4.000  9.000 0.0000000000
-1  -4.000  -4.000  9.000 0.0000000000
-1  -5.000  -4.000  9.000 0.0000000000
-1  -3.000  -4.000  8.000 0.0000000000
-1  -4.000  -4.000  8.000 0.0000000000
-1  -5.000  -4.000  8.000 0.0000000000
-1  -3.000  -4.000  7.000 0.0000000000
-1  -4.000  -4.000  7.000 0.0000000000
-1  -3.000  -4.000  6.000 0.0000000000
-1  -3.000  -3.000  10.000 0.0000000000
-1  -2.000  -3.000  9.000 0.0000000000
-1  -3.000  -3.000  9.000 0.0000000000
-1  -4.000  -3.000  9.000 0.0000000000
-1  -5.000  -3.000  9.000 0.0000000000
-1  -3.000  -3.000  8.000 0.0000000000
-1  -4.000  -3.000  8.000 0.0000000000
-1  -5.000  -3.000  8.000 0.0000000000
-1  -3.000  -3.000  7.000 0.0000000000
-1  -4.000  -3.000  7.000 0.0000000000
-1  -5.000  -3.000  7.000 0.0000000000
-1  -3.000  -3.000  6.000 0.0000000000
-1  -4.000  -3.000  6.000 0.0000000000
-1  -3.000  -3.000  5.000 0.0000000000
-1  -4.000  -3.000  5.000 0.0000000000
-1  -2.000  -3.000  4.000 0.0000000000
-1  -3.000  -3.000  4.000 0.0000000000
-1  -3.000  -3.000  3.000 0.0000000000
-1  0.000  -2.000  19.000 0.0000000000
-1  0.000  -2.000  17.000 0.0000000000
-1  0.000  -2.000  16.000 0.0000000000
-1  0.000  -2.000  15.000 0.0000000000
-1  0.000  -2.000  14.000 0.0000000000
-1  -3.000  -2.000  9.000 0.0000000000
-1  -4.000  -2.000  9.000 0.0000000000
-1  -3.000  -2.000  8.000 0.0000000000
-1  -4.000  -2.000  8.000 0.0000000000
-1  -2.000  -2.000  7.000 0.0000000000
-1  -3.000  -2.000  7.000 0.0000000000
-1  -4.000  -2.000  7.000 0.0000000000
-1  -3.000  -2.000  6.000 0.0000000000
-1  -4.000  -2.000  6.000 0.0000000000
-1  -3.000  -2.000  5.000 0.0000000000
-1  -4.000  -2.000  5.000 0.0000000000
-1  -3.000  -2.000  4.000 0.0000000000
-1  -3.000  -2.000  3.000 0.0000000000
-1  0.000  -1.000  18.000 0.0000000000
-1  0.000  -1.000  17.000 0.0000000000
-1  0.000  -1.000  16.000 0.0000000000
-1  0.000  -1.000  15.000 0.0000000000
-1  0.000  -1.000  14.000 0.0000000000
-1  -1.000  -1.000  13.000 0.0000000000
-1  -3.000  -1.000  9.000 0.0000000000
-1  -2.000  -1.000  8.000 0.0000000000
-1  -3.000  -1.000  8.000 0.0000000000
-1  -4.000  -1.000  8.000 0.0000000000
-1  -2.000  -1.000  7.000 0.0000000000
-1  -3.000  -1.000  7.000 0.0000000000
-1  -3.000  -1.000  6.000 0.0000000000
-1  -4.000  -1.000  6.000 0.0000000000
-1  -2.000  -1.000  5.000 0.0000000000
-1  -3.000  -1.000  5.000 0.0000000000
-1  -5.000  -1.000  5.000 0.0000000000
-1  -3.000  -1.000  4.000 0.0000000000
-1  -3.000  -1.000  3.000 0.0000000000
-1  0.000  0.000  16.000 0.0000000000
-1  0.000  0.000  15.000 0.0000000000
-1  0.000  0.000  14.000 0.0000000000
-1  -1.000  0.000  12.000 0.0000000000
-1  -2.000  0.000  8.000 0.0000000000
-1  -2.000  0.000  7.000 0.0000000000
-1  -3.000  0.000  7.000 0.0000000000
-1  -2.000  0.000  6.000 0.0000000000
-1  -3.000  0.000  6.000 0.0000000000
-1  -3.000  0.000  5.000 0.0000000000
-1  -3.000  0.000  4.000 0.0000000000
-1  -3.000  0.000  3.000 0.0000000000
-1  0.000  1.000  18.000 0.0000000000
-1  0.000  1.000  16.000 0.0000000000
-1  0.000  1.000  15.000 0.0000000000
-1  0.000  1.000  13.000 0.0000000000
-1  -1.000  1.000  13.000 0.0000000000
-1  -1.000  1.000  12.000 0.0000000000
-1  -1.000  1.000  11.000 0.0000000000
-1  0.000  1.000  10.000 0.0000000000
-1  -1.000  1.000  10.000 0.0000000000
-1  -1.000  1.000  9.000 0.0000000000
-1  -2.000  1.000  8.000 0.0000000000
-1  -2.000  1.000  7.000 0.0000000000
-1  -2.000  1.000  6.000 0.0000000000
-1  -2.000  1.000  5.000 0.0000000000
-1  0.000  2.000  19.000 0.0000000000
-1  0.000  2.000  17.000 0.0000000000
-1  0.000  2.000  16.000 0.0000000000
-1  0.000  2.000  15.000 0.0000000000
-1  0.000  2.000  14.000 0.0000000000
-1  -1.000  2.000  11.000 0.0000000000
-1  0.000  2.000  10.000 0.0000000000
-1  -1.000  2.000  10.000 0.0000000000
-1  -1.000  2.000  9.000 0.0000000000
-1  -1.000  2.000  8.000 0.0000000000
-1  -1.000  2.000  7.000 0.0000000000
-1  -2.000  2.000  6.000 0.0000000000
-1  -1.000  2.000  5.000 0.0000000000
-1  -2.000  2.000  5.000 0.0000000000
-1  -2.000  2.000  4.000 0.0000000000
-1  0.000  3.000  20.000 0.0000000000
-1  0.000  3.000  18.000 0.0000000000
-1  0.000  3.000  17.000 0.0000000000
-1  0.000  3.000  16.000 0.0000000000
-1  0.000  3.000  15.000 0.0000000000
-1  -1.000  3.000  11.000 0.0000000000
-1  -1.000  3.000  10.000 0.0000000000
-1  0.000  3.000  9.000 0.0000000000
-1  -1.000  3.000  9.000 0.0000000000
-1  -1.000  3.000  8.000 0.0000000000
-1  -1.000  3.000  7.000 0.0000000000
-1  -1.000  3.000  6.000 0.0000000000
-1  -1.000  3.000  5.000 0.0000000000
-1  -2.000  3.000  5.000 0.0000000000
-1  -1.000  3.000  4.000 0.0000000000
-1  -2.000  3.000  4.000 0.0000000000
-1  0.000  4.000  19.000 0.0000000000
-1  0.000  4.000  18.000 0.0000000000
-1  0.000  4.000  17.000 0.0000000000
-1  0.000  4.000  16.000 0.0000000000
-1  0.000  4.000  15.000 0.0000000000
-1  -1.000  4.000  12.000 0.0000000000
-1  -1.000  4.000  11.000 0.0000000000
-1  0.000  4.000  10.000 0.0000000000
-1  -1.000  4.000  10.000 0.0000000000
-1  0.000  4.000  9.000 0.0000000000
-1  -1.000  4.000  9.000 0.0000000000
-1  0.000  4.000  8.000 0.0000000000
-1  -1.000  4.000  8.000 0.0000000000
-1  0.000  4.000  7.000 0.0000000000
-1  -1.000  4.000  7.000 0.0000000000
-1  0.000  4.000  6.000 0.0000000000
-1  -1.000  4.000  6.000 0.0000000000
-1  0.000  4.000  5.000 0.0000000000
-1  -1.000  4.000  5.000 0.0000000000
-1  0.000  4.000  4.000 0.0000000000
-1  -1.000  4.000  4.000 0.0000000000
-1  0.000  5.000  19.000 0.0000000000
-1  0.000  5.000  18.000 0.0000000000
-1  0.000  5.000  17.000 0.0000000000
-1  0.000  5.000  16.000 0.0000000000
-1  0.000  5.000  15.000 0.0000000000
-1  0.000  5.000  14.000 0.0000000000
-1  0.000  5.000  13.000 0.0000000000
-1  0.000  5.000  12.000 0.0000000000
-1  -1.000  5.000  11.000 0.0000000000
-1  -1.000  5.000  10.000 0.0000000000
-1  -1.000  5.000  9.000 0.0000000000
-1  0.000  5.000  8.000 0.0000000000
-1  -1.000  5.000  8.000 0.0000000000
-1  0.000  5.000  7.000 0.0000000000
-1  -1.000  5.000  7.000 0.0000000000
-1  0.000  5.000  6.000 0.0000000000
-1  -1.000  5.000  6.000 0.0000000000
-1  0.000  5.000  5.000 0.0000000000
-1  -1.000  5.000  5.000 0.0000000000
-1  0.000  6.000  17.000 0.0000000000
-1  0.000  6.000  16.000 0.0000000000
-1  0.000  6.000  15.000 0.0000000000
-1  0.000  6.000  14.000 0.0000000000
-1  0.000  6.000  13.000 0.0000000000
-1  0.000  6.000  12.000 0.0000000000
-1  -1.000  6.000  11.000 0.0000000000
-1  -1.000  6.000  10.000 0.0000000000
-1  -1.000  6.000  9.000 0.0000000000
-1  -1.000  6.000  8.000 0.0000000000
-1  0.000  6.000  7.000 0.0000000000
-1  -1.000  6.000  7.000 0.0000000000
-1  0.000  6.000  6.000 0.0000000000
-1  -1.000  6.000  6.000 0.0000000000
-1  0.000  6.000  5.000 0.0000000000
-1  -1.000  6.000  5.000 0.0000000000
-1  0.000  6.000  4.000 0.0000000000
-1  0.000  7.000  16.000 0.0000000000
-1  0.000  7.000  15.000 0.0000000000
-1  0.000  7.000  13.000 0.0000000000
-1  -1.000  7.000  10.000 0.0000000000
-1  -1.000  7.000  9.000 0.0000000000
-1  -1.000  7.000  8.000 0.0000000000
-1  0.000  7.000  7.000 0.0000000000
-1  0.000  7.000  6.000 0.0000000000
-1  0.000  7.000  5.000 0.0000000000
-1  -1.000  7.000  5.000 0.0000000000
-1  0.000  7.000  4.000 0.0000000000
-1  0.000  8.000  16.000 0.0000000000
-1  0.000  8.000  15.000 0.0000000000
-1  0.000  8.000  14.000 0.0000000000
-1  0.000  8.000  13.000 0.0000000000
-1  0.000  8.000  12.000 0.0000000000
-1  0.000  8.000  11.000 0.0000000000
-1  0.000  8.000  10.000 0.0000000000
-1  0.000  8.000  9.000 0.0000000000
-1  0.000  8.000  8.000 0.0000000000
-1  -1.000  8.000  8.000 0.0000000000
-1  0.000  8.000  7.000 0.0000000000
-1  0.000  8.000  6.000 0.0000000000
-1  0.000  8.000  5.000 0.0000000000
-1  0.000  8.000  4.000 0.0000000000
-1  0.000  8.000  3.000 0.0000000000
-1  0.000  9.000  16.000 0.0000000000
-1  0.000  9.000  15.000 0.0000000000
-1  0.000  9.000  14.000 0.0000000000
-1  0.000  9.000  13.000 0.0000000000
-1  0.000  9.000  12.000 0.0000000000
-1  0.000  9.000  11.000 0.0000000000
-1  0.000  9.000  10.000 0.0000000000
-1  0.000  9.000  9.000 0.0000000000
-1  0.000  9.000  8.000 0.0000000000
-1  0.000  9.000  7.000 0.0000000000
-1  0.000  9.000  6.000 0.0000000000
-1  0.000  9.000  5.000 0.0000000000
-1  0.000  9.000  4.000 0.0000000000
-1  0.000  9.000  3.000 0.0000000000
-1  0.000  9.000  2.000 0.0000000000
-1  0.000  10.000  16.000 0.0000000000
-1  0.000  10.000  15.000 0.0000000000
-1  0.000  10.000  14.000 0.0000000000
-1  0.000  10.000  13.000 0.0000000000
-1  0.000  10.000  12.000 0.0000000000
-1  0.000  10.000  11.000 0.0000000000
-1  0.000  10.000  10.000 0.0000000000
-1  0.000  10.000  9.000 0.0000000000
-1  0.000  10.000  8.000 0.0000000000
-1  0.000  10.000  7.000 0.0000000000
-1  0.000  10.000  6.000 0.0000000000
-1  0.000  10.000  5.000 0.0000000000
-1  0.000  10.000  4.000 0.0000000000
-1  0.000  10.000  3.000 0.0000000000
-1  0.000  10.000  2.000 0.0000000000
-1  0.000  10.000  1.000 0.0000000000
-1  0.000  11.000  15.000 0.0000000000
-1  0.000  11.000  14.000 0.0000000000
-1  0.000  11.000  12.000 0.0000000000
-1  0.000  11.000  11.000 0.0000000000
-1  0.000  11.000  10.000 0.0000000000
-1  0.000  11.000  9.000 0.0000000000
-1  0.000  11.000  8.000 0.0000000000
-1  0.000  11.000  7.000 0.0000000000
-1  0.000  11.000  6.000 0.0000000000
-1  0.000  11.000  5.000 0.0000000000
-1  0.000  11.000  4.000 0.0000000000
-1  0.000  11.000  3.000 0.0000000000
-1  0.000  12.000  14.000 0.0000000000
-1  0.000  12.000  13.000 0.0000000000
-1  0.000  12.000  12.000 0.0000000000
-1  0.000  12.000  11.000 0.0000000000
-1  0.000  12.000  10.000 0.0000000000
-1  0.000  12.000  9.000 0.0000000000
-1  0.000  12.000  8.000 0.0000000000
-1  0.000  12.000  7.000 0.0000000000
-1  0.000  12.000  6.000 0.0000000000
-1  0.000  12.000  5.000 0.0000000000
-1  0.000  12.000  4.000 0.0000000000
-1  0.000  12.000  3.000 0.0000000000
-1  0.000  12.000  2.000 0.0000000000
-1  0.000  13.000  14.000 0.0000000000
-1  0.000  13.000  13.000 0.0000000000
-1  0.000  13.000  11.000 0.0000000000
-1  0.000  13.000  10.000 0.0000000000
-1  0.000  13.000  8.000 0.0000000000
-1  0.000  13.000  7.000 0.0000000000
-1  0.000  13.000  6.000 0.0000000000
-1  0.000  13.000  5.000 0.0000000000
-1  0.000  13.000  4.000 0.0000000000
-1  0.000  13.000  3.000 0.0000000000
-1  0.000  14.000  13.000 0.0000000000
-1  0.000  14.000  11.000 0.0000000000
-1  0.000  14.000  9.000 0.0000000000
-1  0.000  14.000  8.000 0.0000000000
-1  0.000  14.000  7.000 0.0000000000
-1  0.000  14.000  6.000 0.0000000000
-1  0.000  14.000  5.000 0.0000000000
-1  0.000  14.000  4.000 0.0000000000
-1  0.000  14.000  3.000 0.0000000000
-1  -1.000  14.000  3.000 0.0000000000
-1  0.000  15.000  13.000 0.0000000000
-1  0.000  15.000  12.000 0.0000000000
-1  0.000  15.000  11.000 0.0000000000
-1  0.000  15.000  10.000 0.0000000000
-1  0.000  15.000  9.000 0.0000000000
-1  0.000  15.000  8.000 0.0000000000
-1  0.000  15.000  7.000 0.0000000000
-1  0.000  15.000  6.000 0.0000000000
-1  0.000  15.000  5.000 0.0000000000
-1  0.000  15.000  4.000 0.0000000000
-1  -1.000  15.000  4.000 0.0000000000
-1  0.000  15.000  3.000 0.0000000000
-1  0.000  15.000  2.000 0.0000000000
-1  -1.000  15.000  2.000 0.0000000000
-1  0.000  16.000  12.000 0.0000000000
-1  0.000  16.000  11.000 0.0000000000
-1  0.000  16.000  10.000 0.0000000000
-1  0.000  16.000  9.000 0.0000000000
-1  0.000  16.000  8.000 0.0000000000
-1  0.000  16.000  7.000 0.0000000000
-1  0.000  16.000  6.000 0.0000000000
-1  0.000  16.000  5.000 0.0000000000
-1  0.000  16.000  4.000 0.0000000000
-1  -1.000  16.000  4.000 0.0000000000
-1  0.000  16.000  3.000 0.0000000000
-1  -1.000  16.000  3.000 0.0000000000
-1  0.000  16.000  2.000 0.0000000000
-1  0.000  17.000  11.000 0.0000000000
-1  0.000  17.000  10.000 0.0000000000
-1  0.000  17.000  9.000 0.0000000000
-1  0.000  17.000  8.000 0.0000000000
-1  -1.000  17.000  8.000 0.0000000000
-1  0.000  17.000  7.000 0.0000000000
-1  0.000  17.000  6.000 0.0000000000
-1  -1.000  17.000  6.000 0.0000000000
-1  0.000  17.000  5.000 0.0000000000
-1  -1.000  17.000  5.000 0.0000000000
-1  0.000  17.000  4.000 0.0000000000
-1  0.000  17.000  3.000 0.0000000000
-1  -1.000  17.000  2.000 0.0000000000
-1  0.000  18.000  11.000 0.0000000000
-1  -1.000  18.000  11.000 0.0000000000
-1  0.000  18.000  10.000 0.0000000000
-1  -1.000  18.000  10.000 0.0000000000
-1  0.000  18.000  9.000 0.0000000000
-1  -1.000  18.000  9.000 0.0000000000
-1  0.000  18.000  8.000 0.0000000000
-1  -1.000  18.000  8.000 0.0000000000
-1  0.000  18.000  7.000 0.0000000000
-1  -1.000  18.000  7.000 0.0000000000
-1  0.000  18.000  6.000 0.0000000000
-1  -1.000  18.000  6.000 0.0000000000
-1  0.000  18.000  5.000 0.0000000000
-1  -1.000  18.000  5.000 0.0000000000
-1  0.000  18.000  4.000 0.0000000000
-1  -1.000  18.000  4.000 0.0000000000
-1  0.000  18.000  3.000 0.0000000000
-1  -1.000  18.000  3.000 0.0000000000
-1  -1.000  18.000  2.000 0.0000000000
-1  0.000  19.000  10.000 0.0000000000
-1  -1.000  19.000  10.000 0.0000000000
-1  0.000  19.000  9.000 0.0000000000
-1  0.000  19.000  8.000 0.0000000000
-1  -1.000  19.000  8.000 0.0000000000
-1  0.000  19.000  7.000 0.0000000000
-1  -1.000  19.000  7.000 0.0000000000
-1  0.000  19.000  6.000 0.0000000000
-1  -1.000  19.000  6.000 0.0000000000
-1  0.000  19.000  5.000 0.0000000000
-1  -1.000  19.000  5.000 0.0000000000
-1  0.000  19.000  4.000 0.0000000000
-1  -1.000  19.000  4.000 0.0000000000
-1  -1.000  19.000  3.000 0.0000000000
-1  0.000  20.000  8.000 0.0000000000
-1  -1.000  20.000  8.000 0.0000000000
-1  0.000  20.000  7.000 0.0000000000
-1  -1.000  20.000  7.000 0.0000000000
-1  0.000  20.000  6.000 0.0000000000
-1  -1.000  20.000  6.000 0.0000000000
-1  0.000  20.000  5.000 0.0000000000
-1  -1.000  20.000  5.000 0.0000000000
-1  0.000  20.000  4.000 0.0000000000
-1  -1.000  20.000  4.000 0.0000000000
-1  -1.000  21.000  7.000 0.0000000000
-1  -1.000  21.000  6.000 0.0000000000
-1  -1.000  21.000  5.000 0.0000000000
