#!ascii label /Users/megardn/Desktop/BGD_Repos/labels/rh_0251.label , from subject  vox2ras=TkReg
1221
-1  2.000  -45.000  14.000 0.0000000000
-1  1.000  -45.000  14.000 0.0000000000
-1  -1.000  -45.000  14.000 0.0000000000
-1  -2.000  -45.000  14.000 0.0000000000
-1  2.000  -45.000  13.000 0.0000000000
-1  1.000  -45.000  13.000 0.0000000000
-1  -1.000  -45.000  13.000 0.0000000000
-1  2.000  -44.000  17.000 0.0000000000
-1  1.000  -44.000  17.000 0.0000000000
-1  -2.000  -44.000  17.000 0.0000000000
-1  2.000  -44.000  16.000 0.0000000000
-1  1.000  -44.000  16.000 0.0000000000
-1  0.000  -44.000  16.000 0.0000000000
-1  -1.000  -44.000  16.000 0.0000000000
-1  -2.000  -44.000  16.000 0.0000000000
-1  2.000  -44.000  15.000 0.0000000000
-1  1.000  -44.000  15.000 0.0000000000
-1  0.000  -44.000  15.000 0.0000000000
-1  -1.000  -44.000  15.000 0.0000000000
-1  -2.000  -44.000  15.000 0.0000000000
-1  3.000  -44.000  14.000 0.0000000000
-1  2.000  -44.000  14.000 0.0000000000
-1  1.000  -44.000  14.000 0.0000000000
-1  0.000  -44.000  14.000 0.0000000000
-1  -1.000  -44.000  14.000 0.0000000000
-1  -2.000  -44.000  14.000 0.0000000000
-1  2.000  -44.000  13.000 0.0000000000
-1  1.000  -44.000  13.000 0.0000000000
-1  0.000  -44.000  13.000 0.0000000000
-1  -1.000  -44.000  13.000 0.0000000000
-1  -2.000  -44.000  13.000 0.0000000000
-1  2.000  -44.000  12.000 0.0000000000
-1  1.000  -44.000  12.000 0.0000000000
-1  0.000  -44.000  12.000 0.0000000000
-1  -1.000  -44.000  12.000 0.0000000000
-1  2.000  -44.000  11.000 0.0000000000
-1  1.000  -44.000  11.000 0.0000000000
-1  0.000  -44.000  11.000 0.0000000000
-1  -1.000  -44.000  11.000 0.0000000000
-1  1.000  -44.000  10.000 0.0000000000
-1  0.000  -44.000  10.000 0.0000000000
-1  -1.000  -44.000  10.000 0.0000000000
-1  -1.000  -44.000  9.000 0.0000000000
-1  -2.000  -43.000  20.000 0.0000000000
-1  2.000  -43.000  19.000 0.0000000000
-1  -2.000  -43.000  19.000 0.0000000000
-1  2.000  -43.000  18.000 0.0000000000
-1  1.000  -43.000  18.000 0.0000000000
-1  -2.000  -43.000  18.000 0.0000000000
-1  2.000  -43.000  17.000 0.0000000000
-1  1.000  -43.000  17.000 0.0000000000
-1  0.000  -43.000  17.000 0.0000000000
-1  -1.000  -43.000  17.000 0.0000000000
-1  -2.000  -43.000  17.000 0.0000000000
-1  2.000  -43.000  16.000 0.0000000000
-1  1.000  -43.000  16.000 0.0000000000
-1  0.000  -43.000  16.000 0.0000000000
-1  -1.000  -43.000  16.000 0.0000000000
-1  -2.000  -43.000  16.000 0.0000000000
-1  2.000  -43.000  15.000 0.0000000000
-1  1.000  -43.000  15.000 0.0000000000
-1  0.000  -43.000  15.000 0.0000000000
-1  -1.000  -43.000  15.000 0.0000000000
-1  -2.000  -43.000  15.000 0.0000000000
-1  2.000  -43.000  14.000 0.0000000000
-1  1.000  -43.000  14.000 0.0000000000
-1  0.000  -43.000  14.000 0.0000000000
-1  -1.000  -43.000  14.000 0.0000000000
-1  -2.000  -43.000  14.000 0.0000000000
-1  3.000  -43.000  13.000 0.0000000000
-1  2.000  -43.000  13.000 0.0000000000
-1  1.000  -43.000  13.000 0.0000000000
-1  0.000  -43.000  13.000 0.0000000000
-1  -1.000  -43.000  13.000 0.0000000000
-1  -2.000  -43.000  13.000 0.0000000000
-1  2.000  -43.000  12.000 0.0000000000
-1  1.000  -43.000  12.000 0.0000000000
-1  0.000  -43.000  12.000 0.0000000000
-1  -1.000  -43.000  12.000 0.0000000000
-1  -2.000  -43.000  12.000 0.0000000000
-1  2.000  -43.000  11.000 0.0000000000
-1  1.000  -43.000  11.000 0.0000000000
-1  0.000  -43.000  11.000 0.0000000000
-1  -1.000  -43.000  11.000 0.0000000000
-1  -2.000  -43.000  11.000 0.0000000000
-1  2.000  -43.000  10.000 0.0000000000
-1  1.000  -43.000  10.000 0.0000000000
-1  0.000  -43.000  10.000 0.0000000000
-1  -1.000  -43.000  10.000 0.0000000000
-1  -2.000  -43.000  10.000 0.0000000000
-1  2.000  -43.000  9.000 0.0000000000
-1  1.000  -43.000  9.000 0.0000000000
-1  0.000  -43.000  9.000 0.0000000000
-1  -1.000  -43.000  9.000 0.0000000000
-1  -1.000  -43.000  8.000 0.0000000000
-1  2.000  -42.000  20.000 0.0000000000
-1  -2.000  -42.000  20.000 0.0000000000
-1  2.000  -42.000  19.000 0.0000000000
-1  1.000  -42.000  19.000 0.0000000000
-1  0.000  -42.000  19.000 0.0000000000
-1  -1.000  -42.000  19.000 0.0000000000
-1  -2.000  -42.000  19.000 0.0000000000
-1  2.000  -42.000  18.000 0.0000000000
-1  1.000  -42.000  18.000 0.0000000000
-1  0.000  -42.000  18.000 0.0000000000
-1  -1.000  -42.000  18.000 0.0000000000
-1  -2.000  -42.000  18.000 0.0000000000
-1  2.000  -42.000  17.000 0.0000000000
-1  1.000  -42.000  17.000 0.0000000000
-1  0.000  -42.000  17.000 0.0000000000
-1  -1.000  -42.000  17.000 0.0000000000
-1  -2.000  -42.000  17.000 0.0000000000
-1  2.000  -42.000  16.000 0.0000000000
-1  1.000  -42.000  16.000 0.0000000000
-1  0.000  -42.000  16.000 0.0000000000
-1  -1.000  -42.000  16.000 0.0000000000
-1  -2.000  -42.000  16.000 0.0000000000
-1  2.000  -42.000  15.000 0.0000000000
-1  1.000  -42.000  15.000 0.0000000000
-1  0.000  -42.000  15.000 0.0000000000
-1  -1.000  -42.000  15.000 0.0000000000
-1  -2.000  -42.000  15.000 0.0000000000
-1  2.000  -42.000  14.000 0.0000000000
-1  1.000  -42.000  14.000 0.0000000000
-1  0.000  -42.000  14.000 0.0000000000
-1  -1.000  -42.000  14.000 0.0000000000
-1  -2.000  -42.000  14.000 0.0000000000
-1  2.000  -42.000  13.000 0.0000000000
-1  1.000  -42.000  13.000 0.0000000000
-1  0.000  -42.000  13.000 0.0000000000
-1  -1.000  -42.000  13.000 0.0000000000
-1  -2.000  -42.000  13.000 0.0000000000
-1  2.000  -42.000  12.000 0.0000000000
-1  1.000  -42.000  12.000 0.0000000000
-1  0.000  -42.000  12.000 0.0000000000
-1  -1.000  -42.000  12.000 0.0000000000
-1  -2.000  -42.000  12.000 0.0000000000
-1  2.000  -42.000  11.000 0.0000000000
-1  1.000  -42.000  11.000 0.0000000000
-1  0.000  -42.000  11.000 0.0000000000
-1  -1.000  -42.000  11.000 0.0000000000
-1  -2.000  -42.000  11.000 0.0000000000
-1  2.000  -42.000  10.000 0.0000000000
-1  1.000  -42.000  10.000 0.0000000000
-1  0.000  -42.000  10.000 0.0000000000
-1  -1.000  -42.000  10.000 0.0000000000
-1  -2.000  -42.000  10.000 0.0000000000
-1  3.000  -42.000  9.000 0.0000000000
-1  2.000  -42.000  9.000 0.0000000000
-1  1.000  -42.000  9.000 0.0000000000
-1  0.000  -42.000  9.000 0.0000000000
-1  -1.000  -42.000  9.000 0.0000000000
-1  -2.000  -42.000  9.000 0.0000000000
-1  2.000  -42.000  8.000 0.0000000000
-1  1.000  -42.000  8.000 0.0000000000
-1  0.000  -42.000  8.000 0.0000000000
-1  -1.000  -42.000  8.000 0.0000000000
-1  0.000  -42.000  7.000 0.0000000000
-1  -1.000  -42.000  7.000 0.0000000000
-1  2.000  -41.000  22.000 0.0000000000
-1  2.000  -41.000  21.000 0.0000000000
-1  1.000  -41.000  21.000 0.0000000000
-1  -2.000  -41.000  21.000 0.0000000000
-1  2.000  -41.000  20.000 0.0000000000
-1  1.000  -41.000  20.000 0.0000000000
-1  0.000  -41.000  20.000 0.0000000000
-1  -1.000  -41.000  20.000 0.0000000000
-1  -2.000  -41.000  20.000 0.0000000000
-1  3.000  -41.000  19.000 0.0000000000
-1  2.000  -41.000  19.000 0.0000000000
-1  1.000  -41.000  19.000 0.0000000000
-1  0.000  -41.000  19.000 0.0000000000
-1  -1.000  -41.000  19.000 0.0000000000
-1  -2.000  -41.000  19.000 0.0000000000
-1  2.000  -41.000  18.000 0.0000000000
-1  1.000  -41.000  18.000 0.0000000000
-1  0.000  -41.000  18.000 0.0000000000
-1  -1.000  -41.000  18.000 0.0000000000
-1  -2.000  -41.000  18.000 0.0000000000
-1  2.000  -41.000  17.000 0.0000000000
-1  1.000  -41.000  17.000 0.0000000000
-1  0.000  -41.000  17.000 0.0000000000
-1  -1.000  -41.000  17.000 0.0000000000
-1  -2.000  -41.000  17.000 0.0000000000
-1  2.000  -41.000  16.000 0.0000000000
-1  1.000  -41.000  16.000 0.0000000000
-1  0.000  -41.000  16.000 0.0000000000
-1  -1.000  -41.000  16.000 0.0000000000
-1  -2.000  -41.000  16.000 0.0000000000
-1  2.000  -41.000  15.000 0.0000000000
-1  1.000  -41.000  15.000 0.0000000000
-1  0.000  -41.000  15.000 0.0000000000
-1  -1.000  -41.000  15.000 0.0000000000
-1  -2.000  -41.000  15.000 0.0000000000
-1  2.000  -41.000  14.000 0.0000000000
-1  1.000  -41.000  14.000 0.0000000000
-1  0.000  -41.000  14.000 0.0000000000
-1  -1.000  -41.000  14.000 0.0000000000
-1  -2.000  -41.000  14.000 0.0000000000
-1  2.000  -41.000  13.000 0.0000000000
-1  1.000  -41.000  13.000 0.0000000000
-1  0.000  -41.000  13.000 0.0000000000
-1  -1.000  -41.000  13.000 0.0000000000
-1  -2.000  -41.000  13.000 0.0000000000
-1  2.000  -41.000  12.000 0.0000000000
-1  1.000  -41.000  12.000 0.0000000000
-1  0.000  -41.000  12.000 0.0000000000
-1  -1.000  -41.000  12.000 0.0000000000
-1  -2.000  -41.000  12.000 0.0000000000
-1  2.000  -41.000  11.000 0.0000000000
-1  1.000  -41.000  11.000 0.0000000000
-1  0.000  -41.000  11.000 0.0000000000
-1  -1.000  -41.000  11.000 0.0000000000
-1  -2.000  -41.000  11.000 0.0000000000
-1  2.000  -41.000  10.000 0.0000000000
-1  1.000  -41.000  10.000 0.0000000000
-1  0.000  -41.000  10.000 0.0000000000
-1  -1.000  -41.000  10.000 0.0000000000
-1  -2.000  -41.000  10.000 0.0000000000
-1  2.000  -41.000  9.000 0.0000000000
-1  1.000  -41.000  9.000 0.0000000000
-1  0.000  -41.000  9.000 0.0000000000
-1  -1.000  -41.000  9.000 0.0000000000
-1  -2.000  -41.000  9.000 0.0000000000
-1  2.000  -41.000  8.000 0.0000000000
-1  1.000  -41.000  8.000 0.0000000000
-1  0.000  -41.000  8.000 0.0000000000
-1  -1.000  -41.000  8.000 0.0000000000
-1  2.000  -41.000  7.000 0.0000000000
-1  1.000  -41.000  7.000 0.0000000000
-1  0.000  -41.000  7.000 0.0000000000
-1  -1.000  -41.000  7.000 0.0000000000
-1  -2.000  -40.000  23.000 0.0000000000
-1  2.000  -40.000  22.000 0.0000000000
-1  1.000  -40.000  22.000 0.0000000000
-1  -2.000  -40.000  22.000 0.0000000000
-1  2.000  -40.000  21.000 0.0000000000
-1  1.000  -40.000  21.000 0.0000000000
-1  0.000  -40.000  21.000 0.0000000000
-1  -1.000  -40.000  21.000 0.0000000000
-1  -2.000  -40.000  21.000 0.0000000000
-1  3.000  -40.000  20.000 0.0000000000
-1  2.000  -40.000  20.000 0.0000000000
-1  1.000  -40.000  20.000 0.0000000000
-1  0.000  -40.000  20.000 0.0000000000
-1  -1.000  -40.000  20.000 0.0000000000
-1  -2.000  -40.000  20.000 0.0000000000
-1  3.000  -40.000  19.000 0.0000000000
-1  2.000  -40.000  19.000 0.0000000000
-1  1.000  -40.000  19.000 0.0000000000
-1  0.000  -40.000  19.000 0.0000000000
-1  -1.000  -40.000  19.000 0.0000000000
-1  -2.000  -40.000  19.000 0.0000000000
-1  2.000  -40.000  18.000 0.0000000000
-1  1.000  -40.000  18.000 0.0000000000
-1  0.000  -40.000  18.000 0.0000000000
-1  -1.000  -40.000  18.000 0.0000000000
-1  -2.000  -40.000  18.000 0.0000000000
-1  2.000  -40.000  17.000 0.0000000000
-1  1.000  -40.000  17.000 0.0000000000
-1  0.000  -40.000  17.000 0.0000000000
-1  -1.000  -40.000  17.000 0.0000000000
-1  -2.000  -40.000  17.000 0.0000000000
-1  2.000  -40.000  16.000 0.0000000000
-1  1.000  -40.000  16.000 0.0000000000
-1  0.000  -40.000  16.000 0.0000000000
-1  -1.000  -40.000  16.000 0.0000000000
-1  -2.000  -40.000  16.000 0.0000000000
-1  2.000  -40.000  15.000 0.0000000000
-1  1.000  -40.000  15.000 0.0000000000
-1  0.000  -40.000  15.000 0.0000000000
-1  -1.000  -40.000  15.000 0.0000000000
-1  -2.000  -40.000  15.000 0.0000000000
-1  2.000  -40.000  14.000 0.0000000000
-1  1.000  -40.000  14.000 0.0000000000
-1  0.000  -40.000  14.000 0.0000000000
-1  -1.000  -40.000  14.000 0.0000000000
-1  -2.000  -40.000  14.000 0.0000000000
-1  2.000  -40.000  13.000 0.0000000000
-1  1.000  -40.000  13.000 0.0000000000
-1  0.000  -40.000  13.000 0.0000000000
-1  -1.000  -40.000  13.000 0.0000000000
-1  -2.000  -40.000  13.000 0.0000000000
-1  2.000  -40.000  12.000 0.0000000000
-1  1.000  -40.000  12.000 0.0000000000
-1  0.000  -40.000  12.000 0.0000000000
-1  -1.000  -40.000  12.000 0.0000000000
-1  -2.000  -40.000  12.000 0.0000000000
-1  2.000  -40.000  11.000 0.0000000000
-1  1.000  -40.000  11.000 0.0000000000
-1  0.000  -40.000  11.000 0.0000000000
-1  -1.000  -40.000  11.000 0.0000000000
-1  -2.000  -40.000  11.000 0.0000000000
-1  2.000  -40.000  10.000 0.0000000000
-1  1.000  -40.000  10.000 0.0000000000
-1  0.000  -40.000  10.000 0.0000000000
-1  -1.000  -40.000  10.000 0.0000000000
-1  -2.000  -40.000  10.000 0.0000000000
-1  2.000  -40.000  9.000 0.0000000000
-1  1.000  -40.000  9.000 0.0000000000
-1  0.000  -40.000  9.000 0.0000000000
-1  -1.000  -40.000  9.000 0.0000000000
-1  -2.000  -40.000  9.000 0.0000000000
-1  2.000  -40.000  8.000 0.0000000000
-1  1.000  -40.000  8.000 0.0000000000
-1  0.000  -40.000  8.000 0.0000000000
-1  -1.000  -40.000  8.000 0.0000000000
-1  -2.000  -40.000  8.000 0.0000000000
-1  2.000  -40.000  7.000 0.0000000000
-1  1.000  -40.000  7.000 0.0000000000
-1  0.000  -40.000  7.000 0.0000000000
-1  -1.000  -40.000  7.000 0.0000000000
-1  -2.000  -40.000  7.000 0.0000000000
-1  1.000  -39.000  24.000 0.0000000000
-1  2.000  -39.000  23.000 0.0000000000
-1  -2.000  -39.000  23.000 0.0000000000
-1  2.000  -39.000  22.000 0.0000000000
-1  1.000  -39.000  22.000 0.0000000000
-1  0.000  -39.000  22.000 0.0000000000
-1  -1.000  -39.000  22.000 0.0000000000
-1  -2.000  -39.000  22.000 0.0000000000
-1  2.000  -39.000  21.000 0.0000000000
-1  1.000  -39.000  21.000 0.0000000000
-1  0.000  -39.000  21.000 0.0000000000
-1  -1.000  -39.000  21.000 0.0000000000
-1  -2.000  -39.000  21.000 0.0000000000
-1  2.000  -39.000  20.000 0.0000000000
-1  1.000  -39.000  20.000 0.0000000000
-1  0.000  -39.000  20.000 0.0000000000
-1  -1.000  -39.000  20.000 0.0000000000
-1  -2.000  -39.000  20.000 0.0000000000
-1  2.000  -39.000  19.000 0.0000000000
-1  1.000  -39.000  19.000 0.0000000000
-1  0.000  -39.000  19.000 0.0000000000
-1  -1.000  -39.000  19.000 0.0000000000
-1  -2.000  -39.000  19.000 0.0000000000
-1  2.000  -39.000  18.000 0.0000000000
-1  1.000  -39.000  18.000 0.0000000000
-1  0.000  -39.000  18.000 0.0000000000
-1  -1.000  -39.000  18.000 0.0000000000
-1  -2.000  -39.000  18.000 0.0000000000
-1  2.000  -39.000  17.000 0.0000000000
-1  1.000  -39.000  17.000 0.0000000000
-1  0.000  -39.000  17.000 0.0000000000
-1  -1.000  -39.000  17.000 0.0000000000
-1  -2.000  -39.000  17.000 0.0000000000
-1  2.000  -39.000  16.000 0.0000000000
-1  1.000  -39.000  16.000 0.0000000000
-1  0.000  -39.000  16.000 0.0000000000
-1  -1.000  -39.000  16.000 0.0000000000
-1  -2.000  -39.000  16.000 0.0000000000
-1  2.000  -39.000  15.000 0.0000000000
-1  1.000  -39.000  15.000 0.0000000000
-1  0.000  -39.000  15.000 0.0000000000
-1  -1.000  -39.000  15.000 0.0000000000
-1  -2.000  -39.000  15.000 0.0000000000
-1  2.000  -39.000  14.000 0.0000000000
-1  1.000  -39.000  14.000 0.0000000000
-1  0.000  -39.000  14.000 0.0000000000
-1  -1.000  -39.000  14.000 0.0000000000
-1  -2.000  -39.000  14.000 0.0000000000
-1  2.000  -39.000  13.000 0.0000000000
-1  1.000  -39.000  13.000 0.0000000000
-1  0.000  -39.000  13.000 0.0000000000
-1  -1.000  -39.000  13.000 0.0000000000
-1  -2.000  -39.000  13.000 0.0000000000
-1  2.000  -39.000  12.000 0.0000000000
-1  1.000  -39.000  12.000 0.0000000000
-1  0.000  -39.000  12.000 0.0000000000
-1  -1.000  -39.000  12.000 0.0000000000
-1  -2.000  -39.000  12.000 0.0000000000
-1  2.000  -39.000  11.000 0.0000000000
-1  1.000  -39.000  11.000 0.0000000000
-1  0.000  -39.000  11.000 0.0000000000
-1  -1.000  -39.000  11.000 0.0000000000
-1  -2.000  -39.000  11.000 0.0000000000
-1  2.000  -39.000  10.000 0.0000000000
-1  1.000  -39.000  10.000 0.0000000000
-1  0.000  -39.000  10.000 0.0000000000
-1  -1.000  -39.000  10.000 0.0000000000
-1  -2.000  -39.000  10.000 0.0000000000
-1  2.000  -39.000  9.000 0.0000000000
-1  1.000  -39.000  9.000 0.0000000000
-1  0.000  -39.000  9.000 0.0000000000
-1  -1.000  -39.000  9.000 0.0000000000
-1  -2.000  -39.000  9.000 0.0000000000
-1  2.000  -39.000  8.000 0.0000000000
-1  1.000  -39.000  8.000 0.0000000000
-1  0.000  -39.000  8.000 0.0000000000
-1  -1.000  -39.000  8.000 0.0000000000
-1  -2.000  -39.000  8.000 0.0000000000
-1  2.000  -39.000  7.000 0.0000000000
-1  1.000  -39.000  7.000 0.0000000000
-1  0.000  -39.000  7.000 0.0000000000
-1  -1.000  -39.000  7.000 0.0000000000
-1  -2.000  -39.000  7.000 0.0000000000
-1  2.000  -38.000  24.000 0.0000000000
-1  1.000  -38.000  24.000 0.0000000000
-1  -2.000  -38.000  24.000 0.0000000000
-1  2.000  -38.000  23.000 0.0000000000
-1  1.000  -38.000  23.000 0.0000000000
-1  -1.000  -38.000  23.000 0.0000000000
-1  -2.000  -38.000  23.000 0.0000000000
-1  2.000  -38.000  22.000 0.0000000000
-1  1.000  -38.000  22.000 0.0000000000
-1  0.000  -38.000  22.000 0.0000000000
-1  -1.000  -38.000  22.000 0.0000000000
-1  -2.000  -38.000  22.000 0.0000000000
-1  2.000  -38.000  21.000 0.0000000000
-1  1.000  -38.000  21.000 0.0000000000
-1  0.000  -38.000  21.000 0.0000000000
-1  -1.000  -38.000  21.000 0.0000000000
-1  -2.000  -38.000  21.000 0.0000000000
-1  2.000  -38.000  20.000 0.0000000000
-1  1.000  -38.000  20.000 0.0000000000
-1  0.000  -38.000  20.000 0.0000000000
-1  -1.000  -38.000  20.000 0.0000000000
-1  -2.000  -38.000  20.000 0.0000000000
-1  2.000  -38.000  19.000 0.0000000000
-1  1.000  -38.000  19.000 0.0000000000
-1  0.000  -38.000  19.000 0.0000000000
-1  -1.000  -38.000  19.000 0.0000000000
-1  -2.000  -38.000  19.000 0.0000000000
-1  2.000  -38.000  18.000 0.0000000000
-1  1.000  -38.000  18.000 0.0000000000
-1  0.000  -38.000  18.000 0.0000000000
-1  -1.000  -38.000  18.000 0.0000000000
-1  -2.000  -38.000  18.000 0.0000000000
-1  2.000  -38.000  17.000 0.0000000000
-1  1.000  -38.000  17.000 0.0000000000
-1  0.000  -38.000  17.000 0.0000000000
-1  -1.000  -38.000  17.000 0.0000000000
-1  -2.000  -38.000  17.000 0.0000000000
-1  2.000  -38.000  16.000 0.0000000000
-1  1.000  -38.000  16.000 0.0000000000
-1  0.000  -38.000  16.000 0.0000000000
-1  -1.000  -38.000  16.000 0.0000000000
-1  -2.000  -38.000  16.000 0.0000000000
-1  2.000  -38.000  15.000 0.0000000000
-1  1.000  -38.000  15.000 0.0000000000
-1  0.000  -38.000  15.000 0.0000000000
-1  -1.000  -38.000  15.000 0.0000000000
-1  -2.000  -38.000  15.000 0.0000000000
-1  2.000  -38.000  14.000 0.0000000000
-1  1.000  -38.000  14.000 0.0000000000
-1  0.000  -38.000  14.000 0.0000000000
-1  -1.000  -38.000  14.000 0.0000000000
-1  -2.000  -38.000  14.000 0.0000000000
-1  2.000  -38.000  13.000 0.0000000000
-1  1.000  -38.000  13.000 0.0000000000
-1  0.000  -38.000  13.000 0.0000000000
-1  -1.000  -38.000  13.000 0.0000000000
-1  -2.000  -38.000  13.000 0.0000000000
-1  2.000  -38.000  12.000 0.0000000000
-1  1.000  -38.000  12.000 0.0000000000
-1  0.000  -38.000  12.000 0.0000000000
-1  -1.000  -38.000  12.000 0.0000000000
-1  -2.000  -38.000  12.000 0.0000000000
-1  2.000  -38.000  11.000 0.0000000000
-1  1.000  -38.000  11.000 0.0000000000
-1  0.000  -38.000  11.000 0.0000000000
-1  -1.000  -38.000  11.000 0.0000000000
-1  -2.000  -38.000  11.000 0.0000000000
-1  2.000  -38.000  10.000 0.0000000000
-1  1.000  -38.000  10.000 0.0000000000
-1  0.000  -38.000  10.000 0.0000000000
-1  -1.000  -38.000  10.000 0.0000000000
-1  -2.000  -38.000  10.000 0.0000000000
-1  2.000  -38.000  9.000 0.0000000000
-1  1.000  -38.000  9.000 0.0000000000
-1  0.000  -38.000  9.000 0.0000000000
-1  -1.000  -38.000  9.000 0.0000000000
-1  -2.000  -38.000  9.000 0.0000000000
-1  2.000  -38.000  8.000 0.0000000000
-1  1.000  -38.000  8.000 0.0000000000
-1  0.000  -38.000  8.000 0.0000000000
-1  -1.000  -38.000  8.000 0.0000000000
-1  -2.000  -38.000  8.000 0.0000000000
-1  2.000  -38.000  7.000 0.0000000000
-1  1.000  -38.000  7.000 0.0000000000
-1  0.000  -38.000  7.000 0.0000000000
-1  -1.000  -38.000  7.000 0.0000000000
-1  -2.000  -38.000  7.000 0.0000000000
-1  2.000  -37.000  24.000 0.0000000000
-1  1.000  -37.000  24.000 0.0000000000
-1  -1.000  -37.000  24.000 0.0000000000
-1  -2.000  -37.000  24.000 0.0000000000
-1  2.000  -37.000  23.000 0.0000000000
-1  1.000  -37.000  23.000 0.0000000000
-1  0.000  -37.000  23.000 0.0000000000
-1  -1.000  -37.000  23.000 0.0000000000
-1  -2.000  -37.000  23.000 0.0000000000
-1  2.000  -37.000  22.000 0.0000000000
-1  1.000  -37.000  22.000 0.0000000000
-1  0.000  -37.000  22.000 0.0000000000
-1  -1.000  -37.000  22.000 0.0000000000
-1  -2.000  -37.000  22.000 0.0000000000
-1  2.000  -37.000  21.000 0.0000000000
-1  1.000  -37.000  21.000 0.0000000000
-1  0.000  -37.000  21.000 0.0000000000
-1  -1.000  -37.000  21.000 0.0000000000
-1  -2.000  -37.000  21.000 0.0000000000
-1  2.000  -37.000  20.000 0.0000000000
-1  1.000  -37.000  20.000 0.0000000000
-1  0.000  -37.000  20.000 0.0000000000
-1  -1.000  -37.000  20.000 0.0000000000
-1  -2.000  -37.000  20.000 0.0000000000
-1  2.000  -37.000  19.000 0.0000000000
-1  1.000  -37.000  19.000 0.0000000000
-1  0.000  -37.000  19.000 0.0000000000
-1  -1.000  -37.000  19.000 0.0000000000
-1  -2.000  -37.000  19.000 0.0000000000
-1  2.000  -37.000  18.000 0.0000000000
-1  1.000  -37.000  18.000 0.0000000000
-1  0.000  -37.000  18.000 0.0000000000
-1  -1.000  -37.000  18.000 0.0000000000
-1  -2.000  -37.000  18.000 0.0000000000
-1  2.000  -37.000  17.000 0.0000000000
-1  1.000  -37.000  17.000 0.0000000000
-1  0.000  -37.000  17.000 0.0000000000
-1  -1.000  -37.000  17.000 0.0000000000
-1  -2.000  -37.000  17.000 0.0000000000
-1  2.000  -37.000  16.000 0.0000000000
-1  1.000  -37.000  16.000 0.0000000000
-1  0.000  -37.000  16.000 0.0000000000
-1  -1.000  -37.000  16.000 0.0000000000
-1  -2.000  -37.000  16.000 0.0000000000
-1  2.000  -37.000  15.000 0.0000000000
-1  1.000  -37.000  15.000 0.0000000000
-1  0.000  -37.000  15.000 0.0000000000
-1  -1.000  -37.000  15.000 0.0000000000
-1  -2.000  -37.000  15.000 0.0000000000
-1  2.000  -37.000  14.000 0.0000000000
-1  1.000  -37.000  14.000 0.0000000000
-1  0.000  -37.000  14.000 0.0000000000
-1  -1.000  -37.000  14.000 0.0000000000
-1  -2.000  -37.000  14.000 0.0000000000
-1  2.000  -37.000  13.000 0.0000000000
-1  1.000  -37.000  13.000 0.0000000000
-1  0.000  -37.000  13.000 0.0000000000
-1  -1.000  -37.000  13.000 0.0000000000
-1  -2.000  -37.000  13.000 0.0000000000
-1  2.000  -37.000  12.000 0.0000000000
-1  1.000  -37.000  12.000 0.0000000000
-1  0.000  -37.000  12.000 0.0000000000
-1  -1.000  -37.000  12.000 0.0000000000
-1  -2.000  -37.000  12.000 0.0000000000
-1  2.000  -37.000  11.000 0.0000000000
-1  1.000  -37.000  11.000 0.0000000000
-1  0.000  -37.000  11.000 0.0000000000
-1  -1.000  -37.000  11.000 0.0000000000
-1  -2.000  -37.000  11.000 0.0000000000
-1  2.000  -37.000  10.000 0.0000000000
-1  1.000  -37.000  10.000 0.0000000000
-1  0.000  -37.000  10.000 0.0000000000
-1  -1.000  -37.000  10.000 0.0000000000
-1  -2.000  -37.000  10.000 0.0000000000
-1  2.000  -37.000  9.000 0.0000000000
-1  1.000  -37.000  9.000 0.0000000000
-1  0.000  -37.000  9.000 0.0000000000
-1  -1.000  -37.000  9.000 0.0000000000
-1  -2.000  -37.000  9.000 0.0000000000
-1  2.000  -37.000  8.000 0.0000000000
-1  1.000  -37.000  8.000 0.0000000000
-1  0.000  -37.000  8.000 0.0000000000
-1  -1.000  -37.000  8.000 0.0000000000
-1  2.000  -37.000  7.000 0.0000000000
-1  1.000  -37.000  7.000 0.0000000000
-1  0.000  -37.000  7.000 0.0000000000
-1  -1.000  -37.000  7.000 0.0000000000
-1  2.000  -36.000  24.000 0.0000000000
-1  1.000  -36.000  24.000 0.0000000000
-1  0.000  -36.000  24.000 0.0000000000
-1  -1.000  -36.000  24.000 0.0000000000
-1  -2.000  -36.000  24.000 0.0000000000
-1  2.000  -36.000  23.000 0.0000000000
-1  1.000  -36.000  23.000 0.0000000000
-1  0.000  -36.000  23.000 0.0000000000
-1  -1.000  -36.000  23.000 0.0000000000
-1  -2.000  -36.000  23.000 0.0000000000
-1  2.000  -36.000  22.000 0.0000000000
-1  1.000  -36.000  22.000 0.0000000000
-1  0.000  -36.000  22.000 0.0000000000
-1  -1.000  -36.000  22.000 0.0000000000
-1  -2.000  -36.000  22.000 0.0000000000
-1  2.000  -36.000  21.000 0.0000000000
-1  1.000  -36.000  21.000 0.0000000000
-1  0.000  -36.000  21.000 0.0000000000
-1  -1.000  -36.000  21.000 0.0000000000
-1  -2.000  -36.000  21.000 0.0000000000
-1  2.000  -36.000  20.000 0.0000000000
-1  1.000  -36.000  20.000 0.0000000000
-1  0.000  -36.000  20.000 0.0000000000
-1  -1.000  -36.000  20.000 0.0000000000
-1  -2.000  -36.000  20.000 0.0000000000
-1  2.000  -36.000  19.000 0.0000000000
-1  1.000  -36.000  19.000 0.0000000000
-1  0.000  -36.000  19.000 0.0000000000
-1  -1.000  -36.000  19.000 0.0000000000
-1  -2.000  -36.000  19.000 0.0000000000
-1  3.000  -36.000  18.000 0.0000000000
-1  2.000  -36.000  18.000 0.0000000000
-1  1.000  -36.000  18.000 0.0000000000
-1  0.000  -36.000  18.000 0.0000000000
-1  -1.000  -36.000  18.000 0.0000000000
-1  -2.000  -36.000  18.000 0.0000000000
-1  2.000  -36.000  17.000 0.0000000000
-1  1.000  -36.000  17.000 0.0000000000
-1  0.000  -36.000  17.000 0.0000000000
-1  -1.000  -36.000  17.000 0.0000000000
-1  -2.000  -36.000  17.000 0.0000000000
-1  2.000  -36.000  16.000 0.0000000000
-1  1.000  -36.000  16.000 0.0000000000
-1  0.000  -36.000  16.000 0.0000000000
-1  -1.000  -36.000  16.000 0.0000000000
-1  -2.000  -36.000  16.000 0.0000000000
-1  2.000  -36.000  15.000 0.0000000000
-1  1.000  -36.000  15.000 0.0000000000
-1  0.000  -36.000  15.000 0.0000000000
-1  -1.000  -36.000  15.000 0.0000000000
-1  -2.000  -36.000  15.000 0.0000000000
-1  2.000  -36.000  14.000 0.0000000000
-1  1.000  -36.000  14.000 0.0000000000
-1  0.000  -36.000  14.000 0.0000000000
-1  -1.000  -36.000  14.000 0.0000000000
-1  -2.000  -36.000  14.000 0.0000000000
-1  2.000  -36.000  13.000 0.0000000000
-1  1.000  -36.000  13.000 0.0000000000
-1  0.000  -36.000  13.000 0.0000000000
-1  -1.000  -36.000  13.000 0.0000000000
-1  -2.000  -36.000  13.000 0.0000000000
-1  2.000  -36.000  12.000 0.0000000000
-1  1.000  -36.000  12.000 0.0000000000
-1  0.000  -36.000  12.000 0.0000000000
-1  -1.000  -36.000  12.000 0.0000000000
-1  -2.000  -36.000  12.000 0.0000000000
-1  2.000  -36.000  11.000 0.0000000000
-1  1.000  -36.000  11.000 0.0000000000
-1  0.000  -36.000  11.000 0.0000000000
-1  -1.000  -36.000  11.000 0.0000000000
-1  -2.000  -36.000  11.000 0.0000000000
-1  2.000  -36.000  10.000 0.0000000000
-1  1.000  -36.000  10.000 0.0000000000
-1  0.000  -36.000  10.000 0.0000000000
-1  -1.000  -36.000  10.000 0.0000000000
-1  -2.000  -36.000  10.000 0.0000000000
-1  2.000  -36.000  9.000 0.0000000000
-1  1.000  -36.000  9.000 0.0000000000
-1  0.000  -36.000  9.000 0.0000000000
-1  -1.000  -36.000  9.000 0.0000000000
-1  -2.000  -36.000  9.000 0.0000000000
-1  2.000  -36.000  8.000 0.0000000000
-1  1.000  -36.000  8.000 0.0000000000
-1  0.000  -36.000  8.000 0.0000000000
-1  -1.000  -36.000  8.000 0.0000000000
-1  -2.000  -36.000  8.000 0.0000000000
-1  1.000  -36.000  7.000 0.0000000000
-1  0.000  -36.000  7.000 0.0000000000
-1  -1.000  -36.000  7.000 0.0000000000
-1  2.000  -35.000  25.000 0.0000000000
-1  1.000  -35.000  25.000 0.0000000000
-1  -2.000  -35.000  25.000 0.0000000000
-1  2.000  -35.000  24.000 0.0000000000
-1  1.000  -35.000  24.000 0.0000000000
-1  0.000  -35.000  24.000 0.0000000000
-1  -1.000  -35.000  24.000 0.0000000000
-1  -2.000  -35.000  24.000 0.0000000000
-1  2.000  -35.000  23.000 0.0000000000
-1  1.000  -35.000  23.000 0.0000000000
-1  0.000  -35.000  23.000 0.0000000000
-1  -1.000  -35.000  23.000 0.0000000000
-1  -2.000  -35.000  23.000 0.0000000000
-1  2.000  -35.000  22.000 0.0000000000
-1  1.000  -35.000  22.000 0.0000000000
-1  0.000  -35.000  22.000 0.0000000000
-1  -1.000  -35.000  22.000 0.0000000000
-1  -2.000  -35.000  22.000 0.0000000000
-1  2.000  -35.000  21.000 0.0000000000
-1  1.000  -35.000  21.000 0.0000000000
-1  0.000  -35.000  21.000 0.0000000000
-1  -1.000  -35.000  21.000 0.0000000000
-1  -2.000  -35.000  21.000 0.0000000000
-1  2.000  -35.000  20.000 0.0000000000
-1  1.000  -35.000  20.000 0.0000000000
-1  0.000  -35.000  20.000 0.0000000000
-1  -1.000  -35.000  20.000 0.0000000000
-1  -2.000  -35.000  20.000 0.0000000000
-1  2.000  -35.000  19.000 0.0000000000
-1  1.000  -35.000  19.000 0.0000000000
-1  0.000  -35.000  19.000 0.0000000000
-1  -1.000  -35.000  19.000 0.0000000000
-1  -2.000  -35.000  19.000 0.0000000000
-1  2.000  -35.000  18.000 0.0000000000
-1  1.000  -35.000  18.000 0.0000000000
-1  0.000  -35.000  18.000 0.0000000000
-1  -1.000  -35.000  18.000 0.0000000000
-1  -2.000  -35.000  18.000 0.0000000000
-1  2.000  -35.000  17.000 0.0000000000
-1  1.000  -35.000  17.000 0.0000000000
-1  0.000  -35.000  17.000 0.0000000000
-1  -1.000  -35.000  17.000 0.0000000000
-1  -2.000  -35.000  17.000 0.0000000000
-1  2.000  -35.000  16.000 0.0000000000
-1  1.000  -35.000  16.000 0.0000000000
-1  0.000  -35.000  16.000 0.0000000000
-1  -1.000  -35.000  16.000 0.0000000000
-1  -2.000  -35.000  16.000 0.0000000000
-1  2.000  -35.000  15.000 0.0000000000
-1  1.000  -35.000  15.000 0.0000000000
-1  0.000  -35.000  15.000 0.0000000000
-1  -1.000  -35.000  15.000 0.0000000000
-1  -2.000  -35.000  15.000 0.0000000000
-1  2.000  -35.000  14.000 0.0000000000
-1  1.000  -35.000  14.000 0.0000000000
-1  0.000  -35.000  14.000 0.0000000000
-1  -1.000  -35.000  14.000 0.0000000000
-1  -2.000  -35.000  14.000 0.0000000000
-1  2.000  -35.000  13.000 0.0000000000
-1  1.000  -35.000  13.000 0.0000000000
-1  0.000  -35.000  13.000 0.0000000000
-1  -1.000  -35.000  13.000 0.0000000000
-1  -2.000  -35.000  13.000 0.0000000000
-1  2.000  -35.000  12.000 0.0000000000
-1  1.000  -35.000  12.000 0.0000000000
-1  0.000  -35.000  12.000 0.0000000000
-1  -1.000  -35.000  12.000 0.0000000000
-1  -2.000  -35.000  12.000 0.0000000000
-1  2.000  -35.000  11.000 0.0000000000
-1  1.000  -35.000  11.000 0.0000000000
-1  0.000  -35.000  11.000 0.0000000000
-1  -1.000  -35.000  11.000 0.0000000000
-1  -2.000  -35.000  11.000 0.0000000000
-1  2.000  -35.000  10.000 0.0000000000
-1  1.000  -35.000  10.000 0.0000000000
-1  0.000  -35.000  10.000 0.0000000000
-1  -1.000  -35.000  10.000 0.0000000000
-1  -2.000  -35.000  10.000 0.0000000000
-1  2.000  -35.000  9.000 0.0000000000
-1  1.000  -35.000  9.000 0.0000000000
-1  0.000  -35.000  9.000 0.0000000000
-1  -1.000  -35.000  9.000 0.0000000000
-1  -2.000  -35.000  9.000 0.0000000000
-1  2.000  -35.000  8.000 0.0000000000
-1  1.000  -35.000  8.000 0.0000000000
-1  0.000  -35.000  8.000 0.0000000000
-1  -1.000  -35.000  8.000 0.0000000000
-1  2.000  -34.000  25.000 0.0000000000
-1  1.000  -34.000  25.000 0.0000000000
-1  0.000  -34.000  25.000 0.0000000000
-1  -1.000  -34.000  25.000 0.0000000000
-1  -2.000  -34.000  25.000 0.0000000000
-1  3.000  -34.000  24.000 0.0000000000
-1  2.000  -34.000  24.000 0.0000000000
-1  1.000  -34.000  24.000 0.0000000000
-1  0.000  -34.000  24.000 0.0000000000
-1  -1.000  -34.000  24.000 0.0000000000
-1  -2.000  -34.000  24.000 0.0000000000
-1  2.000  -34.000  23.000 0.0000000000
-1  1.000  -34.000  23.000 0.0000000000
-1  0.000  -34.000  23.000 0.0000000000
-1  -1.000  -34.000  23.000 0.0000000000
-1  -2.000  -34.000  23.000 0.0000000000
-1  2.000  -34.000  22.000 0.0000000000
-1  1.000  -34.000  22.000 0.0000000000
-1  0.000  -34.000  22.000 0.0000000000
-1  -1.000  -34.000  22.000 0.0000000000
-1  -2.000  -34.000  22.000 0.0000000000
-1  2.000  -34.000  21.000 0.0000000000
-1  1.000  -34.000  21.000 0.0000000000
-1  0.000  -34.000  21.000 0.0000000000
-1  -1.000  -34.000  21.000 0.0000000000
-1  -2.000  -34.000  21.000 0.0000000000
-1  2.000  -34.000  20.000 0.0000000000
-1  1.000  -34.000  20.000 0.0000000000
-1  0.000  -34.000  20.000 0.0000000000
-1  -1.000  -34.000  20.000 0.0000000000
-1  -2.000  -34.000  20.000 0.0000000000
-1  2.000  -34.000  19.000 0.0000000000
-1  1.000  -34.000  19.000 0.0000000000
-1  0.000  -34.000  19.000 0.0000000000
-1  -1.000  -34.000  19.000 0.0000000000
-1  -2.000  -34.000  19.000 0.0000000000
-1  2.000  -34.000  18.000 0.0000000000
-1  1.000  -34.000  18.000 0.0000000000
-1  0.000  -34.000  18.000 0.0000000000
-1  -1.000  -34.000  18.000 0.0000000000
-1  -2.000  -34.000  18.000 0.0000000000
-1  2.000  -34.000  17.000 0.0000000000
-1  1.000  -34.000  17.000 0.0000000000
-1  0.000  -34.000  17.000 0.0000000000
-1  -1.000  -34.000  17.000 0.0000000000
-1  -2.000  -34.000  17.000 0.0000000000
-1  2.000  -34.000  16.000 0.0000000000
-1  1.000  -34.000  16.000 0.0000000000
-1  0.000  -34.000  16.000 0.0000000000
-1  -1.000  -34.000  16.000 0.0000000000
-1  -2.000  -34.000  16.000 0.0000000000
-1  2.000  -34.000  15.000 0.0000000000
-1  1.000  -34.000  15.000 0.0000000000
-1  0.000  -34.000  15.000 0.0000000000
-1  -1.000  -34.000  15.000 0.0000000000
-1  -2.000  -34.000  15.000 0.0000000000
-1  2.000  -34.000  14.000 0.0000000000
-1  1.000  -34.000  14.000 0.0000000000
-1  0.000  -34.000  14.000 0.0000000000
-1  -1.000  -34.000  14.000 0.0000000000
-1  -2.000  -34.000  14.000 0.0000000000
-1  2.000  -34.000  13.000 0.0000000000
-1  1.000  -34.000  13.000 0.0000000000
-1  0.000  -34.000  13.000 0.0000000000
-1  -1.000  -34.000  13.000 0.0000000000
-1  2.000  -34.000  12.000 0.0000000000
-1  1.000  -34.000  12.000 0.0000000000
-1  0.000  -34.000  12.000 0.0000000000
-1  -1.000  -34.000  12.000 0.0000000000
-1  -2.000  -34.000  12.000 0.0000000000
-1  2.000  -34.000  11.000 0.0000000000
-1  1.000  -34.000  11.000 0.0000000000
-1  0.000  -34.000  11.000 0.0000000000
-1  -1.000  -34.000  11.000 0.0000000000
-1  -2.000  -34.000  11.000 0.0000000000
-1  2.000  -34.000  10.000 0.0000000000
-1  1.000  -34.000  10.000 0.0000000000
-1  0.000  -34.000  10.000 0.0000000000
-1  -1.000  -34.000  10.000 0.0000000000
-1  -2.000  -34.000  10.000 0.0000000000
-1  1.000  -34.000  9.000 0.0000000000
-1  0.000  -34.000  9.000 0.0000000000
-1  -1.000  -34.000  9.000 0.0000000000
-1  -2.000  -34.000  9.000 0.0000000000
-1  1.000  -34.000  8.000 0.0000000000
-1  0.000  -34.000  8.000 0.0000000000
-1  -1.000  -34.000  8.000 0.0000000000
-1  1.000  -33.000  26.000 0.0000000000
-1  -2.000  -33.000  26.000 0.0000000000
-1  2.000  -33.000  25.000 0.0000000000
-1  1.000  -33.000  25.000 0.0000000000
-1  0.000  -33.000  25.000 0.0000000000
-1  -1.000  -33.000  25.000 0.0000000000
-1  -2.000  -33.000  25.000 0.0000000000
-1  2.000  -33.000  24.000 0.0000000000
-1  1.000  -33.000  24.000 0.0000000000
-1  0.000  -33.000  24.000 0.0000000000
-1  -1.000  -33.000  24.000 0.0000000000
-1  -2.000  -33.000  24.000 0.0000000000
-1  2.000  -33.000  23.000 0.0000000000
-1  1.000  -33.000  23.000 0.0000000000
-1  0.000  -33.000  23.000 0.0000000000
-1  -1.000  -33.000  23.000 0.0000000000
-1  -2.000  -33.000  23.000 0.0000000000
-1  2.000  -33.000  22.000 0.0000000000
-1  1.000  -33.000  22.000 0.0000000000
-1  0.000  -33.000  22.000 0.0000000000
-1  -1.000  -33.000  22.000 0.0000000000
-1  -2.000  -33.000  22.000 0.0000000000
-1  2.000  -33.000  21.000 0.0000000000
-1  1.000  -33.000  21.000 0.0000000000
-1  0.000  -33.000  21.000 0.0000000000
-1  -1.000  -33.000  21.000 0.0000000000
-1  -2.000  -33.000  21.000 0.0000000000
-1  2.000  -33.000  20.000 0.0000000000
-1  1.000  -33.000  20.000 0.0000000000
-1  0.000  -33.000  20.000 0.0000000000
-1  -1.000  -33.000  20.000 0.0000000000
-1  -2.000  -33.000  20.000 0.0000000000
-1  2.000  -33.000  19.000 0.0000000000
-1  1.000  -33.000  19.000 0.0000000000
-1  0.000  -33.000  19.000 0.0000000000
-1  -1.000  -33.000  19.000 0.0000000000
-1  -2.000  -33.000  19.000 0.0000000000
-1  2.000  -33.000  18.000 0.0000000000
-1  1.000  -33.000  18.000 0.0000000000
-1  0.000  -33.000  18.000 0.0000000000
-1  -1.000  -33.000  18.000 0.0000000000
-1  -2.000  -33.000  18.000 0.0000000000
-1  2.000  -33.000  17.000 0.0000000000
-1  1.000  -33.000  17.000 0.0000000000
-1  0.000  -33.000  17.000 0.0000000000
-1  -1.000  -33.000  17.000 0.0000000000
-1  -2.000  -33.000  17.000 0.0000000000
-1  2.000  -33.000  16.000 0.0000000000
-1  1.000  -33.000  16.000 0.0000000000
-1  0.000  -33.000  16.000 0.0000000000
-1  -1.000  -33.000  16.000 0.0000000000
-1  -2.000  -33.000  16.000 0.0000000000
-1  2.000  -33.000  15.000 0.0000000000
-1  1.000  -33.000  15.000 0.0000000000
-1  0.000  -33.000  15.000 0.0000000000
-1  -1.000  -33.000  15.000 0.0000000000
-1  2.000  -33.000  14.000 0.0000000000
-1  1.000  -33.000  14.000 0.0000000000
-1  0.000  -33.000  14.000 0.0000000000
-1  -1.000  -33.000  14.000 0.0000000000
-1  -2.000  -33.000  14.000 0.0000000000
-1  2.000  -33.000  13.000 0.0000000000
-1  1.000  -33.000  13.000 0.0000000000
-1  0.000  -33.000  13.000 0.0000000000
-1  -1.000  -33.000  13.000 0.0000000000
-1  2.000  -33.000  12.000 0.0000000000
-1  1.000  -33.000  12.000 0.0000000000
-1  0.000  -33.000  12.000 0.0000000000
-1  -1.000  -33.000  12.000 0.0000000000
-1  2.000  -33.000  11.000 0.0000000000
-1  1.000  -33.000  11.000 0.0000000000
-1  0.000  -33.000  11.000 0.0000000000
-1  -1.000  -33.000  11.000 0.0000000000
-1  1.000  -33.000  10.000 0.0000000000
-1  -2.000  -32.000  26.000 0.0000000000
-1  2.000  -32.000  25.000 0.0000000000
-1  1.000  -32.000  25.000 0.0000000000
-1  0.000  -32.000  25.000 0.0000000000
-1  -1.000  -32.000  25.000 0.0000000000
-1  -2.000  -32.000  25.000 0.0000000000
-1  3.000  -32.000  24.000 0.0000000000
-1  2.000  -32.000  24.000 0.0000000000
-1  1.000  -32.000  24.000 0.0000000000
-1  0.000  -32.000  24.000 0.0000000000
-1  -1.000  -32.000  24.000 0.0000000000
-1  -2.000  -32.000  24.000 0.0000000000
-1  2.000  -32.000  23.000 0.0000000000
-1  1.000  -32.000  23.000 0.0000000000
-1  0.000  -32.000  23.000 0.0000000000
-1  -1.000  -32.000  23.000 0.0000000000
-1  -2.000  -32.000  23.000 0.0000000000
-1  2.000  -32.000  22.000 0.0000000000
-1  1.000  -32.000  22.000 0.0000000000
-1  0.000  -32.000  22.000 0.0000000000
-1  -1.000  -32.000  22.000 0.0000000000
-1  -2.000  -32.000  22.000 0.0000000000
-1  2.000  -32.000  21.000 0.0000000000
-1  1.000  -32.000  21.000 0.0000000000
-1  0.000  -32.000  21.000 0.0000000000
-1  -1.000  -32.000  21.000 0.0000000000
-1  -2.000  -32.000  21.000 0.0000000000
-1  2.000  -32.000  20.000 0.0000000000
-1  1.000  -32.000  20.000 0.0000000000
-1  0.000  -32.000  20.000 0.0000000000
-1  -1.000  -32.000  20.000 0.0000000000
-1  -2.000  -32.000  20.000 0.0000000000
-1  2.000  -32.000  19.000 0.0000000000
-1  1.000  -32.000  19.000 0.0000000000
-1  0.000  -32.000  19.000 0.0000000000
-1  -1.000  -32.000  19.000 0.0000000000
-1  -2.000  -32.000  19.000 0.0000000000
-1  2.000  -32.000  18.000 0.0000000000
-1  1.000  -32.000  18.000 0.0000000000
-1  0.000  -32.000  18.000 0.0000000000
-1  -1.000  -32.000  18.000 0.0000000000
-1  -2.000  -32.000  18.000 0.0000000000
-1  2.000  -32.000  17.000 0.0000000000
-1  1.000  -32.000  17.000 0.0000000000
-1  0.000  -32.000  17.000 0.0000000000
-1  -1.000  -32.000  17.000 0.0000000000
-1  -2.000  -32.000  17.000 0.0000000000
-1  2.000  -32.000  16.000 0.0000000000
-1  1.000  -32.000  16.000 0.0000000000
-1  0.000  -32.000  16.000 0.0000000000
-1  -1.000  -32.000  16.000 0.0000000000
-1  2.000  -32.000  15.000 0.0000000000
-1  1.000  -32.000  15.000 0.0000000000
-1  0.000  -32.000  15.000 0.0000000000
-1  -1.000  -32.000  15.000 0.0000000000
-1  2.000  -32.000  14.000 0.0000000000
-1  1.000  -32.000  14.000 0.0000000000
-1  0.000  -32.000  14.000 0.0000000000
-1  -1.000  -32.000  14.000 0.0000000000
-1  -2.000  -32.000  14.000 0.0000000000
-1  1.000  -32.000  13.000 0.0000000000
-1  0.000  -32.000  13.000 0.0000000000
-1  -1.000  -32.000  13.000 0.0000000000
-1  2.000  -31.000  26.000 0.0000000000
-1  1.000  -31.000  26.000 0.0000000000
-1  -2.000  -31.000  26.000 0.0000000000
-1  2.000  -31.000  25.000 0.0000000000
-1  1.000  -31.000  25.000 0.0000000000
-1  0.000  -31.000  25.000 0.0000000000
-1  -1.000  -31.000  25.000 0.0000000000
-1  -2.000  -31.000  25.000 0.0000000000
-1  2.000  -31.000  24.000 0.0000000000
-1  1.000  -31.000  24.000 0.0000000000
-1  0.000  -31.000  24.000 0.0000000000
-1  -1.000  -31.000  24.000 0.0000000000
-1  -2.000  -31.000  24.000 0.0000000000
-1  2.000  -31.000  23.000 0.0000000000
-1  1.000  -31.000  23.000 0.0000000000
-1  0.000  -31.000  23.000 0.0000000000
-1  -1.000  -31.000  23.000 0.0000000000
-1  -2.000  -31.000  23.000 0.0000000000
-1  2.000  -31.000  22.000 0.0000000000
-1  1.000  -31.000  22.000 0.0000000000
-1  0.000  -31.000  22.000 0.0000000000
-1  -1.000  -31.000  22.000 0.0000000000
-1  -2.000  -31.000  22.000 0.0000000000
-1  2.000  -31.000  21.000 0.0000000000
-1  1.000  -31.000  21.000 0.0000000000
-1  0.000  -31.000  21.000 0.0000000000
-1  -1.000  -31.000  21.000 0.0000000000
-1  -2.000  -31.000  21.000 0.0000000000
-1  2.000  -31.000  20.000 0.0000000000
-1  1.000  -31.000  20.000 0.0000000000
-1  0.000  -31.000  20.000 0.0000000000
-1  -1.000  -31.000  20.000 0.0000000000
-1  -2.000  -31.000  20.000 0.0000000000
-1  2.000  -31.000  19.000 0.0000000000
-1  1.000  -31.000  19.000 0.0000000000
-1  0.000  -31.000  19.000 0.0000000000
-1  -1.000  -31.000  19.000 0.0000000000
-1  -2.000  -31.000  19.000 0.0000000000
-1  2.000  -31.000  18.000 0.0000000000
-1  1.000  -31.000  18.000 0.0000000000
-1  0.000  -31.000  18.000 0.0000000000
-1  -1.000  -31.000  18.000 0.0000000000
-1  -2.000  -31.000  18.000 0.0000000000
-1  2.000  -31.000  17.000 0.0000000000
-1  1.000  -31.000  17.000 0.0000000000
-1  0.000  -31.000  17.000 0.0000000000
-1  -1.000  -31.000  17.000 0.0000000000
-1  -2.000  -31.000  17.000 0.0000000000
-1  2.000  -31.000  16.000 0.0000000000
-1  1.000  -31.000  16.000 0.0000000000
-1  0.000  -31.000  16.000 0.0000000000
-1  -1.000  -31.000  16.000 0.0000000000
-1  -2.000  -31.000  16.000 0.0000000000
-1  2.000  -31.000  15.000 0.0000000000
-1  1.000  -31.000  15.000 0.0000000000
-1  0.000  -31.000  15.000 0.0000000000
-1  -1.000  -31.000  15.000 0.0000000000
-1  -2.000  -31.000  15.000 0.0000000000
-1  2.000  -31.000  14.000 0.0000000000
-1  1.000  -31.000  14.000 0.0000000000
-1  0.000  -31.000  14.000 0.0000000000
-1  -1.000  -31.000  14.000 0.0000000000
-1  -2.000  -31.000  14.000 0.0000000000
-1  0.000  -31.000  13.000 0.0000000000
-1  -1.000  -31.000  13.000 0.0000000000
-1  2.000  -30.000  26.000 0.0000000000
-1  1.000  -30.000  26.000 0.0000000000
-1  -1.000  -30.000  26.000 0.0000000000
-1  -2.000  -30.000  26.000 0.0000000000
-1  2.000  -30.000  25.000 0.0000000000
-1  1.000  -30.000  25.000 0.0000000000
-1  0.000  -30.000  25.000 0.0000000000
-1  -1.000  -30.000  25.000 0.0000000000
-1  -2.000  -30.000  25.000 0.0000000000
-1  2.000  -30.000  24.000 0.0000000000
-1  1.000  -30.000  24.000 0.0000000000
-1  0.000  -30.000  24.000 0.0000000000
-1  -1.000  -30.000  24.000 0.0000000000
-1  -2.000  -30.000  24.000 0.0000000000
-1  2.000  -30.000  23.000 0.0000000000
-1  1.000  -30.000  23.000 0.0000000000
-1  0.000  -30.000  23.000 0.0000000000
-1  -1.000  -30.000  23.000 0.0000000000
-1  -2.000  -30.000  23.000 0.0000000000
-1  2.000  -30.000  22.000 0.0000000000
-1  1.000  -30.000  22.000 0.0000000000
-1  0.000  -30.000  22.000 0.0000000000
-1  -1.000  -30.000  22.000 0.0000000000
-1  -2.000  -30.000  22.000 0.0000000000
-1  2.000  -30.000  21.000 0.0000000000
-1  1.000  -30.000  21.000 0.0000000000
-1  0.000  -30.000  21.000 0.0000000000
-1  -1.000  -30.000  21.000 0.0000000000
-1  -2.000  -30.000  21.000 0.0000000000
-1  2.000  -30.000  20.000 0.0000000000
-1  1.000  -30.000  20.000 0.0000000000
-1  0.000  -30.000  20.000 0.0000000000
-1  -1.000  -30.000  20.000 0.0000000000
-1  -2.000  -30.000  20.000 0.0000000000
-1  2.000  -30.000  19.000 0.0000000000
-1  1.000  -30.000  19.000 0.0000000000
-1  0.000  -30.000  19.000 0.0000000000
-1  -1.000  -30.000  19.000 0.0000000000
-1  -2.000  -30.000  19.000 0.0000000000
-1  2.000  -30.000  18.000 0.0000000000
-1  1.000  -30.000  18.000 0.0000000000
-1  0.000  -30.000  18.000 0.0000000000
-1  -1.000  -30.000  18.000 0.0000000000
-1  -2.000  -30.000  18.000 0.0000000000
-1  2.000  -30.000  17.000 0.0000000000
-1  1.000  -30.000  17.000 0.0000000000
-1  0.000  -30.000  17.000 0.0000000000
-1  -1.000  -30.000  17.000 0.0000000000
-1  -2.000  -30.000  17.000 0.0000000000
-1  2.000  -30.000  16.000 0.0000000000
-1  1.000  -30.000  16.000 0.0000000000
-1  0.000  -30.000  16.000 0.0000000000
-1  -1.000  -30.000  16.000 0.0000000000
-1  1.000  -30.000  15.000 0.0000000000
-1  0.000  -30.000  15.000 0.0000000000
-1  -1.000  -30.000  15.000 0.0000000000
-1  2.000  -30.000  14.000 0.0000000000
-1  1.000  -30.000  14.000 0.0000000000
-1  0.000  -30.000  14.000 0.0000000000
-1  -1.000  -30.000  14.000 0.0000000000
-1  2.000  -29.000  26.000 0.0000000000
-1  1.000  -29.000  26.000 0.0000000000
-1  0.000  -29.000  26.000 0.0000000000
-1  -1.000  -29.000  26.000 0.0000000000
-1  -2.000  -29.000  26.000 0.0000000000
-1  2.000  -29.000  25.000 0.0000000000
-1  1.000  -29.000  25.000 0.0000000000
-1  0.000  -29.000  25.000 0.0000000000
-1  -1.000  -29.000  25.000 0.0000000000
-1  -2.000  -29.000  25.000 0.0000000000
-1  2.000  -29.000  24.000 0.0000000000
-1  1.000  -29.000  24.000 0.0000000000
-1  0.000  -29.000  24.000 0.0000000000
-1  -1.000  -29.000  24.000 0.0000000000
-1  -2.000  -29.000  24.000 0.0000000000
-1  2.000  -29.000  23.000 0.0000000000
-1  1.000  -29.000  23.000 0.0000000000
-1  0.000  -29.000  23.000 0.0000000000
-1  -1.000  -29.000  23.000 0.0000000000
-1  -2.000  -29.000  23.000 0.0000000000
-1  2.000  -29.000  22.000 0.0000000000
-1  1.000  -29.000  22.000 0.0000000000
-1  0.000  -29.000  22.000 0.0000000000
-1  -1.000  -29.000  22.000 0.0000000000
-1  -2.000  -29.000  22.000 0.0000000000
-1  2.000  -29.000  21.000 0.0000000000
-1  1.000  -29.000  21.000 0.0000000000
-1  0.000  -29.000  21.000 0.0000000000
-1  -1.000  -29.000  21.000 0.0000000000
-1  -2.000  -29.000  21.000 0.0000000000
-1  2.000  -29.000  20.000 0.0000000000
-1  1.000  -29.000  20.000 0.0000000000
-1  0.000  -29.000  20.000 0.0000000000
-1  -1.000  -29.000  20.000 0.0000000000
-1  -2.000  -29.000  20.000 0.0000000000
-1  2.000  -29.000  19.000 0.0000000000
-1  1.000  -29.000  19.000 0.0000000000
-1  0.000  -29.000  19.000 0.0000000000
-1  -1.000  -29.000  19.000 0.0000000000
-1  -2.000  -29.000  19.000 0.0000000000
-1  1.000  -29.000  18.000 0.0000000000
-1  0.000  -29.000  18.000 0.0000000000
-1  -1.000  -29.000  18.000 0.0000000000
-1  -2.000  -29.000  18.000 0.0000000000
-1  1.000  -29.000  17.000 0.0000000000
-1  0.000  -29.000  17.000 0.0000000000
-1  -1.000  -29.000  17.000 0.0000000000
-1  1.000  -29.000  16.000 0.0000000000
-1  0.000  -29.000  16.000 0.0000000000
-1  -1.000  -29.000  16.000 0.0000000000
-1  2.000  -28.000  26.000 0.0000000000
-1  1.000  -28.000  26.000 0.0000000000
-1  -1.000  -28.000  26.000 0.0000000000
-1  -2.000  -28.000  26.000 0.0000000000
-1  2.000  -28.000  25.000 0.0000000000
-1  1.000  -28.000  25.000 0.0000000000
-1  0.000  -28.000  25.000 0.0000000000
-1  -1.000  -28.000  25.000 0.0000000000
-1  -2.000  -28.000  25.000 0.0000000000
-1  2.000  -28.000  24.000 0.0000000000
-1  1.000  -28.000  24.000 0.0000000000
-1  0.000  -28.000  24.000 0.0000000000
-1  -1.000  -28.000  24.000 0.0000000000
-1  -2.000  -28.000  24.000 0.0000000000
-1  2.000  -28.000  23.000 0.0000000000
-1  1.000  -28.000  23.000 0.0000000000
-1  0.000  -28.000  23.000 0.0000000000
-1  -1.000  -28.000  23.000 0.0000000000
-1  -2.000  -28.000  23.000 0.0000000000
-1  2.000  -28.000  22.000 0.0000000000
-1  1.000  -28.000  22.000 0.0000000000
-1  0.000  -28.000  22.000 0.0000000000
-1  -1.000  -28.000  22.000 0.0000000000
-1  -2.000  -28.000  22.000 0.0000000000
-1  2.000  -28.000  21.000 0.0000000000
-1  1.000  -28.000  21.000 0.0000000000
-1  0.000  -28.000  21.000 0.0000000000
-1  -1.000  -28.000  21.000 0.0000000000
-1  -2.000  -28.000  21.000 0.0000000000
-1  2.000  -28.000  20.000 0.0000000000
-1  1.000  -28.000  20.000 0.0000000000
-1  0.000  -28.000  20.000 0.0000000000
-1  -1.000  -28.000  20.000 0.0000000000
-1  -2.000  -28.000  20.000 0.0000000000
-1  2.000  -28.000  19.000 0.0000000000
-1  1.000  -28.000  19.000 0.0000000000
-1  0.000  -28.000  19.000 0.0000000000
-1  -1.000  -28.000  19.000 0.0000000000
-1  2.000  -28.000  18.000 0.0000000000
-1  1.000  -28.000  18.000 0.0000000000
-1  0.000  -28.000  18.000 0.0000000000
-1  -1.000  -28.000  18.000 0.0000000000
-1  1.000  -28.000  17.000 0.0000000000
-1  0.000  -28.000  17.000 0.0000000000
-1  1.000  -28.000  16.000 0.0000000000
-1  0.000  -28.000  16.000 0.0000000000
-1  -2.000  -27.000  25.000 0.0000000000
-1  0.000  -27.000  24.000 0.0000000000
-1  -2.000  -27.000  24.000 0.0000000000
-1  1.000  -27.000  23.000 0.0000000000
-1  0.000  -27.000  23.000 0.0000000000
-1  -1.000  -27.000  23.000 0.0000000000
-1  1.000  -27.000  22.000 0.0000000000
-1  0.000  -27.000  22.000 0.0000000000
-1  -1.000  -27.000  22.000 0.0000000000
-1  -2.000  -27.000  22.000 0.0000000000
-1  0.000  -27.000  21.000 0.0000000000
-1  -1.000  -27.000  21.000 0.0000000000
-1  1.000  -27.000  20.000 0.0000000000
-1  0.000  -27.000  20.000 0.0000000000
-1  -1.000  -27.000  20.000 0.0000000000
-1  1.000  -27.000  19.000 0.0000000000
-1  0.000  -27.000  19.000 0.0000000000
-1  1.000  -27.000  18.000 0.0000000000
-1  0.000  -27.000  18.000 0.0000000000
-1  0.000  -27.000  17.000 0.0000000000
-1  -2.000  -26.000  23.000 0.0000000000
-1  -1.000  -26.000  22.000 0.0000000000
-1  -2.000  -26.000  22.000 0.0000000000
-1  0.000  -26.000  21.000 0.0000000000
-1  -1.000  -26.000  21.000 0.0000000000
-1  1.000  -26.000  20.000 0.0000000000
-1  0.000  -26.000  20.000 0.0000000000
-1  1.000  -26.000  19.000 0.0000000000
-1  0.000  -26.000  19.000 0.0000000000
-1  0.000  -26.000  18.000 0.0000000000
